0.3100440204143524
0.0855366513133049
0.11283562332391739
0.1126374900341034
0.09587157517671585
0.33622074127197266
0.44446519017219543
0.2518453598022461
0.3429505228996277
0.11525062471628189
0.18069159984588623
0.11037496477365494
0.10548512637615204
0.49615439772605896
0.19309183955192566
0.11609538644552231
0.10530372709035873
0.2128431499004364
0.4904499650001526
0.10485862195491791
0.11797463148832321
0.19501027464866638
0.1792735606431961
0.08835652470588684
0.10854796320199966
0.1930849403142929
0.11333394050598145
0.19806572794914246
0.32328906655311584
0.17986434698104858
0.30951181054115295
0.08962465077638626
0.10510249435901642
0.07967404276132584
0.13536061346530914
0.13123971223831177
0.29778826236724854
0.097620889544487
0.21058860421180725
0.34262120723724365
0.10806510597467422
0.2111494392156601
0.30679941177368164
0.457436740398407
0.3004692494869232
0.19082847237586975
0.26896122097969055
0.0971449613571167
0.22781705856323242
0.38559818267822266
0.26219701766967773
0.33461233973503113
0.23390185832977295
0.42923614382743835
0.21522210538387299
0.11021029204130173
0.11716563254594803
0.23763486742973328
0.2503032684326172
0.1160370260477066
0.10516077280044556
0.17706173658370972
0.14429697394371033
0.4157062768936157
0.09855066984891891
0.10935965180397034
0.09194591641426086
0.28108295798301697
0.07993144541978836
0.09364888072013855
0.14879028499126434
0.2296827733516693
0.37107211351394653
0.2201785296201706
0.14120909571647644
0.3723406195640564
0.3058623671531677
0.1101393848657608
0.18570759892463684
0.3671048581600189
0.3074442744255066
0.16036322712898254
0.22050906717777252
0.15692874789237976
0.09738780558109283
0.15693821012973785
0.19243581593036652
0.12879912555217743
0.30656948685646057
0.1317022740840912
0.5729894042015076
0.3007652759552002
0.18050168454647064
0.08688069880008698
0.09913401305675507
0.2842494547367096
0.10416910797357559
0.1821136325597763
0.2331896871328354
0.15758588910102844
0.12188518792390823
0.08046285808086395
0.07761956006288528
0.09962224215269089
0.08397595584392548
0.07094984501600266
0.10234478861093521
0.07961864024400711
0.12794095277786255
0.13330717384815216
0.08377202600240707
0.09415332973003387
0.08517789840698242
0.07735707610845566
0.09402789175510406
0.10023148357868195
0.07934466749429703
0.08804019540548325
0.09521432965993881
0.09169159829616547
0.130331888794899
0.07949358969926834
0.06838568300008774
0.09244386106729507
0.08066880702972412
0.11179781705141068
0.08496928960084915
0.12191496044397354
0.09379052370786667
0.07645561546087265
0.09525132924318314
0.09262560307979584
0.20330552756786346
0.08324276655912399
0.09045740962028503
0.07641724497079849
0.12063299119472504
0.13595004379749298
0.1473824381828308
0.14562658965587616
0.08649381250143051
0.0865858942270279
0.1463855504989624
0.09618321806192398
0.17190667986869812
0.0800970271229744
0.13186272978782654
0.08172585815191269
0.11026331782341003
0.11203931272029877
0.09110201895236969
0.07332950085401535
0.10734094679355621
0.09345877170562744
0.12623216211795807
0.08571499586105347
0.06990453600883484
0.08216216415166855
0.07665718346834183
0.22707225382328033
0.09188196063041687
0.06941655278205872
0.07663819938898087
0.11712335050106049
0.12426408380270004
0.07287067919969559
0.0936535969376564
0.1346922367811203
0.152084082365036
0.07863403856754303
0.15561935305595398
0.08957385271787643
0.09855468571186066
0.07837885618209839
0.12884840369224548
0.08341953903436661
0.07956483215093613
0.07861502468585968
0.08082372695207596
0.07848163694143295
0.090833880007267
0.07451608777046204
0.0815802589058876
0.07292399555444717
0.1329944133758545
0.12821733951568604
0.07219652831554413
0.08424245566129684
0.13055357336997986
0.20763707160949707
0.08944062143564224
0.11699129641056061
0.14322109520435333
0.09135158360004425
0.08793562650680542
0.10983589291572571
0.107248954474926
0.10281340032815933
0.09070979058742523
0.07705576717853546
0.07738794386386871
0.08504460752010345
0.1336824744939804
0.1129772812128067
0.11859732121229172
0.11178254336118698
0.0894811749458313
0.18501193821430206
0.1556195765733719
0.08843148499727249
0.08727537095546722
0.2401798814535141
0.10964371263980865
0.22868315875530243
0.20192734897136688
0.33011695742607117
0.15231622755527496
0.0970701277256012
0.07481706142425537
0.229262575507164
0.18554668128490448
0.12723714113235474
0.15481296181678772
0.2140108197927475
0.24119092524051666
0.11360810697078705
0.34001174569129944
0.10385458171367645
0.25966525077819824
0.21123825013637543
0.21421293914318085
0.11940782517194748
0.20614176988601685
0.11128529161214828
0.1545068621635437
0.10066093504428864
0.1426970511674881
0.11599474400281906
0.1826159954071045
0.1328723281621933
0.17147843539714813
0.10276656597852707
0.09402484446763992
0.14135512709617615
0.11708009243011475
0.3239527940750122
0.16313236951828003
0.2554210126399994
0.10289055854082108
0.14315161108970642
0.24764315783977509
0.20450453460216522
0.2710188925266266
0.19977883994579315
0.18603725731372833
0.14901620149612427
0.1568012237548828
0.16678403317928314
0.095223069190979
0.15328067541122437
0.09563290327787399
0.11752345412969589
0.16575828194618225
0.07902726531028748
0.1376892328262329
0.11597838997840881
0.09903346747159958
0.2255229502916336
0.1382044404745102
0.1622881144285202
0.08662259578704834
0.2565619945526123
0.1612081676721573
0.1061399057507515
0.09588641673326492
0.1790509670972824
0.1783214807510376
0.10570143163204193
0.21553631126880646
0.2357180267572403
0.4307655692100525
0.17155444622039795
0.07796191424131393
0.17371584475040436
0.346091628074646
0.0800139307975769
0.22062216699123383
0.1985466033220291
0.1463419497013092
0.10437270253896713
0.17124441266059875
0.16584190726280212
0.11240740865468979
0.18713408708572388
0.22834059596061707
0.2742851674556732
0.2061733603477478
0.24934804439544678
0.3568507432937622
0.09268670529127121
0.12526686489582062
0.20446208119392395
0.41848501563072205
0.25675955414772034
0.09287350624799728
0.09437228739261627
0.1093243882060051
0.1074831634759903
0.10174177587032318
0.10345964878797531
0.0727241039276123
0.10565681010484695
0.22527532279491425
0.07836170494556427
0.09465747326612473
0.10163688659667969
0.18574178218841553
0.11023490875959396
0.24217627942562103
0.06670700758695602
0.06857551634311676
0.07547730207443237
0.06698255985975266
0.06817685067653656
0.0676828995347023
0.07432203739881516
0.06947670131921768
0.07490487396717072
0.11245453357696533
0.073042131960392
0.07408114522695541
0.08570867776870728
0.06705021858215332
0.08578430116176605
0.07047393918037415
0.06785653531551361
0.06757108122110367
0.06813754141330719
0.07723173499107361
0.0758349671959877
0.06895951181650162
0.0717286616563797
0.07232387363910675
0.07042094320058823
0.07496194541454315
0.06852929294109344
0.06718882918357849
0.0678086131811142
0.06677457690238953
0.07057182490825653
0.06774146109819412
0.06727515906095505
0.06687365472316742
0.07382994890213013
0.07250227779150009
0.06733999401330948
0.07358068972826004
0.07100950926542282
0.066330686211586
0.07027848809957504
0.06624741852283478
0.09112687408924103
0.06883665919303894
0.07291922718286514
0.07395005971193314
0.0668744370341301
0.06666142493486404
0.06899348646402359
0.07290256768465042
0.06911451369524002
0.06873752921819687
0.0720856562256813
0.0747368261218071
0.06777305901050568
0.07205147296190262
0.07491827756166458
0.07404235005378723
0.07046867161989212
0.07054971903562546
0.07134813070297241
0.06823718547821045
0.06766647100448608
0.0669950544834137
0.07081051170825958
0.08322637528181076
0.06720756739377975
0.08210571110248566
0.09420175850391388
0.08369971066713333
0.07008245587348938
0.11549373716115952
0.07401096820831299
0.07399430871009827
0.06972382962703705
0.07677701860666275
0.08231288939714432
0.1472817063331604
0.07128238677978516
0.07080069184303284
0.08677936345338821
0.0780085027217865
0.0791410580277443
0.07286804914474487
0.08021678775548935
0.07258111238479614
0.08227237313985825
0.07638692855834961
0.07533982396125793
0.08106314390897751
0.3597797453403473
0.0800405889749527
0.1591036021709442
0.07692839205265045
0.07530058175325394
0.0742439404129982
0.07151927798986435
0.06852269917726517
0.0805700421333313
0.07192224264144897
0.0699540302157402
0.07825874537229538
0.0724790021777153
0.0715380311012268
0.07800941169261932
0.07281655818223953
0.07438796013593674
0.11214543133974075
0.09730062633752823
0.07404351979494095
0.07228723168373108
0.0734667181968689
0.0815369263291359
0.0748947337269783
0.09136524051427841
0.07820773124694824
0.08078718185424805
0.06717628985643387
0.07661444693803787
0.08388348668813705
0.14945775270462036
0.07539327442646027
0.07404761016368866
0.09615826606750488
0.06922417134046555
0.14223641157150269
0.07360301911830902
0.08132202178239822
0.07774905860424042
0.07777335494756699
0.09161430597305298
0.09057486057281494
0.2750709354877472
0.07540266215801239
0.10025554150342941
0.18190445005893707
0.10916265845298767
0.0742025077342987
0.12245994061231613
0.08881990611553192
0.07402395457029343
0.08622186630964279
0.11159912496805191
0.10648699104785919
0.2373259961605072
0.18034695088863373
0.11032380163669586
0.17398376762866974
0.09615185111761093
0.13814616203308105
0.10008227080106735
0.16904105246067047
0.0844532921910286
0.11337818950414658
0.1409807801246643
0.08684374392032623
0.14770911633968353
0.085404172539711
0.1127137541770935
0.12649627029895782
0.0867689996957779
0.08676949888467789
0.09367896616458893
0.09699463099241257
0.0904327854514122
0.07342841476202011
0.10493692755699158
0.08270667493343353
0.07880997657775879
0.07515633851289749
0.076113261282444
0.0852888897061348
0.09628742188215256
0.16596288979053497
0.07282359898090363
0.15385477244853973
0.07425519824028015
0.09309855848550797
0.07257280498743057
0.12669162452220917
0.08171959221363068
0.08511551469564438
0.07809950411319733
0.08797047287225723
0.2516072988510132
0.07978271692991257
0.07418722659349442
0.07633746415376663
0.09666889160871506
0.07358516752719879
0.09519603848457336
0.0799240991473198
0.11038229614496231
0.15270888805389404
0.12076679617166519
0.07920266687870026
0.07853572070598602
0.12387997657060623
0.08792728185653687
0.09862172603607178
0.0786786675453186
0.09468261152505875
0.09810400009155273
0.08238773792982101
0.07035134732723236
0.08352705836296082
0.07365366071462631
0.08716461062431335
0.09566206485033035
0.07418858259916306
0.102063849568367
0.07625976204872131
0.1899401992559433
0.5348566174507141
0.23985159397125244
0.4023743271827698
0.4500417411327362
0.2521097958087921
0.413170725107193
0.38439151644706726
0.33472391963005066
0.14701174199581146
0.14840611815452576
0.46947720646858215
0.29926496744155884
0.19881926476955414
0.2864868938922882
0.3823396563529968
0.3530837297439575
0.13223834335803986
0.20418930053710938
0.1664065569639206
0.17215393483638763
0.4736062288284302
0.18581557273864746
0.26228728890419006
0.2203414887189865
0.3139635920524597
0.44763579964637756
0.2562159597873688
0.37553414702415466
0.5125059485435486
0.4960750639438629
0.30265578627586365
0.44146302342414856
0.1350429505109787
0.49117523431777954
0.17352497577667236
0.46796587109565735
0.5467160940170288
0.2971661686897278
0.20329006016254425
0.33380284905433655
0.30872833728790283
0.4308798909187317
0.419415146112442
0.3970147967338562
0.4566044211387634
0.44334569573402405
0.08977407217025757
0.5052156448364258
0.2841120660305023
0.26453959941864014
0.3336021602153778
0.306338906288147
0.3233063519001007
0.5192474126815796
0.549910843372345
0.33503836393356323
0.07484954595565796
0.1326345056295395
0.3100616931915283
0.3125704824924469
0.515399694442749
0.4487760663032532
0.17761728167533875
0.3207612931728363
0.45449355244636536
0.3538147211074829
0.18315055966377258
0.5347207188606262
0.42912641167640686
0.4753499925136566
0.26362407207489014
0.48113515973091125
0.2368895560503006
0.1761751025915146
0.40312817692756653
0.1773216873407364
0.1078265830874443
0.18271352350711823
0.24751117825508118
0.37910738587379456
0.5457920432090759
0.3697933852672577
0.5103155970573425
0.47840428352355957
0.4607284963130951
0.32048746943473816
0.2851971387863159
0.36831867694854736
0.31158992648124695
0.4007727801799774
0.22412247955799103
0.432094544172287
0.39582622051239014
0.45902425050735474
0.2723569869995117
0.19489692151546478
0.3914938271045685
0.1284550577402115
0.46336060762405396
0.36412715911865234
0.20249153673648834
0.447417289018631
0.4897892475128174
0.41916990280151367
0.5086490511894226
0.3238101303577423
0.2161516696214676
0.10325096547603607
0.4021933972835541
0.32760003209114075
0.47266462445259094
0.1602197289466858
0.3233059346675873
0.19862595200538635
0.3261515200138092
0.4254170060157776
0.2566133737564087
0.18324582278728485
0.4819367825984955
0.3397260308265686
0.2145308405160904
0.3270774185657501
0.11625654250383377
0.10645024478435516
0.45972275733947754
0.2616903781890869
0.24407991766929626
0.17991240322589874
0.48464083671569824
0.28629282116889954
0.3703725337982178
0.5255580544471741
0.3867146670818329
0.1042492538690567
0.09767385572195053
0.1786677986383438
0.36479276418685913
0.45575225353240967
0.2637518346309662
0.5293629169464111
0.2797643840312958
0.09005879610776901
0.5633176565170288
0.40821361541748047
0.36064252257347107
0.11354581266641617
0.46552830934524536
0.5339720845222473
0.4488946199417114
0.24030062556266785
0.10837583988904953
0.5430313944816589
0.41649723052978516
0.21308355033397675
0.4243100583553314
0.4575202465057373
0.2986854910850525
0.34665846824645996
0.3835467994213104
0.3126792311668396
0.2641147971153259
0.5151488184928894
0.342844158411026
0.5327455401420593
0.21356284618377686
0.5423634648323059
0.34037870168685913
0.5226892232894897
0.19331006705760956
0.23166251182556152
0.1620488315820694
0.34495067596435547
0.3875516951084137
0.19889022409915924
0.22775311768054962
0.2886953353881836
0.37136533856391907
0.4332956373691559
0.12063337862491608
0.152948260307312
0.2532614469528198
0.26078757643699646
0.14817050099372864
0.3492390811443329
0.3532036244869232
0.4654764235019684
0.2035778909921646
0.19514358043670654
0.2840689420700073
0.34188729524612427
0.08711408078670502
0.13232460618019104
0.30710750818252563
0.2607499957084656
0.30568253993988037
0.25300368666648865
0.32767030596733093
0.31057608127593994
0.17807407677173615
0.21667282283306122
0.23106825351715088
0.33201566338539124
0.11421111971139908
0.11786402761936188
0.19690237939357758
0.12617263197898865
0.1545899510383606
0.10014359652996063
0.22713974118232727
0.19235676527023315
0.25867071747779846
0.3713851571083069
0.14897339046001434
0.23022760450839996
0.28793656826019287