0.1612001210451126
0.0643380656838417
0.22184427082538605
0.00010485966777196154
0.1169237345457077
0.05297844856977463
0.05137825757265091
0.03161722049117088
0.3408498466014862
0.026349714025855064
0.04081626608967781
0.0006295551429502666
9.988744568545371e-05
0.3560852110385895
0.8389098644256592
0.00699644023552537
0.025370415300130844
0.0025137076154351234
0.9879221320152283
0.00342173152603209
0.1888037621974945
0.0698067843914032
0.9989426732063293
0.02147802710533142
0.0033568143844604492
0.033080898225307465
0.17379918694496155
0.00017217281856574118
0.024452606216073036
0.1839856207370758
0.0057076336815953255
0.0491243414580822
0.023735342547297478
0.00011469426681287587
0.009309111163020134
0.01035370398312807
0.18080833554267883
0.005727742332965136
0.014371450990438461
0.051294922828674316
0.10743685811758041
0.1910228133201599
0.709446907043457
0.9596831798553467
0.8896580338478088
0.01789405196905136
0.034163184463977814
0.010111264884471893
0.028005586937069893
0.5148609280586243
0.7059764862060547
0.24470974504947662
0.006586497649550438
0.6796345114707947
0.0857340544462204
0.14653509855270386
0.06592898815870285
0.008688429370522499
0.1973603516817093
0.7425370812416077
2.5015829123731237e-06
0.018942400813102722
0.02995474636554718
0.948788583278656
0.013593200594186783
5.93154072703328e-05
0.0037524213548749685
0.33410534262657166
0.0002788592246361077
0.0005331274587661028
0.021797889843583107
0.004142579156905413
0.07780329883098602
0.0014339369954541326
0.5688097476959229
0.9674727320671082
0.8997949957847595
0.0004146946594119072
0.00017978150572162122
0.9902738928794861
0.14746545255184174
0.041747432202100754
0.0013749301433563232
0.0009075423004105687
0.05043067783117294
0.16698835790157318
0.0066477092914283276
0.37454238533973694
0.016132764518260956
0.04393947869539261
0.044592637568712234
0.867655336856842
0.001998739782720804
0.049452025443315506
0.07240575551986694
0.003999688662588596
0.0147332102060318
0.016984719783067703
0.15451295673847198
0.06738966703414917
0.0002689352841116488
0.0025693459901958704
0.0003581683267839253
1.8971046301885508e-05
0.03318295255303383
8.107758731057402e-06
0.09102560579776764
5.2028124628122896e-05
0.6413732767105103
0.8265791535377502
0.00016603086260147393
0.003664714749902487
0.15168063342571259
0.00010554242908256128
0.00030924894963391125
0.0009441434522159398
0.01240929588675499
0.037801049649715424
0.006444950588047504
0.012696949765086174
0.14919060468673706
7.137162901926786e-05
1.056808628163708e-06
0.0077897594310343266
2.257801497762557e-06
0.0013850524555891752
0.005850875750184059
5.247052467893809e-05
0.009586474858224392
0.0004961707745678723
0.034174367785453796
0.028590567409992218
0.0004484666569624096
0.0012047889176756144
0.02458379976451397
1.5216240171866957e-05
0.011796426959335804
0.016871152445673943
0.001952133490704
0.0014197416603565216
0.00012010714272037148
0.0017718550516292453
0.0017597356345504522
0.01310260035097599
0.00826724898070097
0.005821209866553545
0.0029765942599624395
9.846494322118815e-06
0.0014359976630657911
7.7043630881235e-05
5.520123158930801e-05
0.0002580448053777218
0.00742871779948473
0.0021084113977849483
0.03872160241007805
0.003352865343913436
0.00030805013375356793
0.00200564949773252
0.0002107353211613372
0.05609958618879318
5.1592938689282164e-05
1.553681431687437e-05
1.4449443369812798e-05
0.004749818239361048
0.0969194695353508
3.455118712736294e-05
0.7214269638061523
0.9889112710952759
0.6377795934677124
7.729485514573753e-05
0.0005540709826163948
7.168464890128234e-06
0.31587716937065125
0.0007076813490130007
0.0007459311746060848
0.00505652092397213
1.3085921182209859e-06
0.000676495605148375
0.0002945988089777529
0.026842137798666954
0.00026104715652763844
0.6470357775688171
0.0057739331386983395
0.00020884665718767792
0.01731027103960514
0.1149001270532608
8.012719627004117e-05
0.00040106906089931726
0.40435925126075745
0.12161672860383987
0.0037372643128037453
0.6706909537315369
0.16652564704418182
0.0014581034192815423
0.0014907546574249864
0.016495762392878532
0.044878244400024414
3.255943738622591e-05
0.010035072453320026
3.738033410627395e-05
6.777852104278281e-05
0.00954766757786274
0.4153917729854584
9.97609386104159e-05
0.1269054263830185
0.2732696235179901
0.0030868337489664555
0.04528815299272537
0.10415872186422348
0.7165658473968506
0.17271919548511505
0.008728638291358948
0.0034392625093460083
0.3753919303417206
0.3130221664905548
0.002144621219485998
0.3361658453941345
0.19369551539421082
3.763594213523902e-05
0.028145603835582733
0.014539822936058044
4.5660588511964306e-05
0.0006904164329171181
0.29125291109085083
0.2822798192501068
4.9367349674867e-06
0.011583038605749607
0.005234650801867247
0.19293837249279022
0.1050955131649971
0.021333100274205208
0.006621185690164566
0.03061249852180481
0.00830460712313652
0.3167533576488495
0.016248738393187523
0.23337559401988983
0.135001540184021
0.4649191200733185
0.02872208133339882
0.11022516340017319
4.4410646182768687e-07
0.38555192947387695
0.030558954924345016
0.0007945108809508383
0.18824760615825653
0.17836639285087585
0.09424766898155212
0.008735712617635727
0.008895344100892544
0.3362455368041992
0.008354115299880505
0.10201901197433472
0.9025728702545166
0.3194115459918976
0.3288566470146179
0.019422780722379684
0.09938759356737137
0.01826065592467785
0.27136626839637756
0.0032908262219280005
0.10000727325677872
0.4986450672149658
0.09298840165138245
0.15046094357967377
0.233029305934906
0.3756856322288513
0.2695629894733429
0.21349389851093292
0.0027470446657389402
0.8349839448928833
0.3246225118637085
0.17159025371074677
0.045511648058891296
0.015680670738220215
0.002875792793929577
0.006827652920037508
0.8542821407318115
0.3709418475627899
0.011672203429043293
0.612655758857727
0.1734251081943512
0.2284112125635147
0.11034489423036575
0.07650694251060486
0.3196840286254883
0.023412933573126793
0.23546062409877777
0.2972773611545563
0.004560485016554594
0.3222464621067047
0.003099167952314019
0.0001574066700413823
0.2023356854915619
0.0009419821435585618
0.9907329082489014
0.0009706560522317886
0.006266003008931875
0.4319060146808624
0.058833181858062744
0.08480042964220047
0.7364732027053833
0.04185165464878082
0.8327677845954895
0.3806734085083008
0.024157701060175896
0.0021562930196523666
0.0007911266293376684
0.014429965056478977
0.07064194977283478
0.00581379933282733
0.06808575242757797
0.23258745670318604
0.3602246344089508
0.0035514524206519127
0.36008358001708984
0.9455105066299438
0.31835702061653137
0.04048933461308479
0.055410709232091904
0.0028212550096213818
0.00023034194600768387
6.185033998917788e-05
0.01015663892030716
2.334901728318073e-05
0.004571984056383371
0.05772841349244118
0.006013922393321991
0.003222404746338725
0.0006967104272916913
0.0047027962282299995
0.12434034049510956
4.571178578771651e-05
0.0008695454453118145
2.0839672288275324e-05
0.00015703072131145746
3.9674439904047176e-05
1.7014061768350075e-06
0.0009062038734555244
0.000833152502309531
0.0013762532034888864
0.0002973038062918931
0.9282855987548828
0.8728716373443604
0.4860500395298004
2.6433219773025485e-06
0.005828396882861853
0.0012142128543928266
0.040013279765844345
9.68750100582838e-05
1.8961713067255914e-05
0.02218281663954258
0.7483658790588379
0.056995272636413574
0.010329244658350945
0.2075483649969101
9.028211934491992e-05
9.424388554180041e-05
0.00039425038266927004
5.7917040976462886e-06
3.947148798033595e-05
3.6931229260517284e-05
0.0002163001336157322
0.16658242046833038
0.0546390637755394
0.0005995233077555895
0.0016835428541526198
6.617394319619052e-06
0.0027913725934922695
4.876012826571241e-05
0.13874873518943787
0.03331370651721954
0.0016626659780740738
3.648396523203701e-05
0.32972344756126404
0.00039037104579620063
0.022501755505800247
9.56119256443344e-05
0.0035221243742853403
0.0008325358503498137
6.437220235966379e-06
0.0002210723323514685
1.7785542922865716e-06
1.8810349502018653e-05
9.617373143555596e-05
8.833046013023704e-05
2.0991005840187427e-06
0.9123477935791016
2.943170147773344e-05
1.3427802869614425e-08
0.00022493951837532222
6.102033012211905e-07
1.1699254400809878e-06
3.5650168683787342e-06
3.908634607796557e-05
0.00016153378237504512
0.01695672608911991
7.662188181711826e-06
0.00013909269182477146
0.0001887283578980714
0.0002456836518831551
1.1949882718909066e-06
2.9822297165083e-07
8.487573722959496e-06
2.7688998670782894e-05
2.7223752567806514e-06
2.0222078092047013e-06
2.506917837763467e-07
2.8953596483916044e-05
0.9713601469993591
0.0001794372801668942
0.005420692730695009
0.00013452451094053686
7.336402596536118e-09
0.00018903090676758438
0.0011067937593907118
0.0005379158537834883
1.0070060852740426e-05
8.751384302740917e-05
4.4382065311765473e-07
5.847787178936414e-07
0.00045462179696187377
4.998825261282036e-06
1.8124330836144509e-06
0.0003385565069038421
5.586376232713519e-07
3.7594904824800324e-06
1.8290666048415005e-05
0.006366725545376539
7.403824565699324e-05
9.242347914550919e-06
4.848638127441518e-06
2.4606231363577535e-06
8.815549534801903e-08
1.434610749129206e-05
8.81302582911303e-07
1.1913030903087929e-05
1.734573015710339e-05
7.228174126794329e-06
6.64472536300309e-05
4.531244485406205e-05
1.3011545888730325e-05
3.5910661608795635e-06
3.985576757514764e-09
0.03314939886331558
2.342254992981907e-05
0.0002847135765478015
0.00023144907027017325
0.0005348080303519964
0.8637365698814392
0.05523194745182991
0.8478801846504211
0.004035207908600569
0.002808721037581563
0.002025762340053916
0.0004031238204333931
0.4762038290500641
0.93485027551651
0.0023741689510643482
0.00029114456265233457
9.217266239147648e-08
0.00010309346544090658
0.0014567766338586807
0.018968140706419945
0.6611599326133728
0.10220525413751602
0.9405128359794617
0.0015499324072152376
7.163646660046652e-05
2.2933929244572937e-07
0.44320595264434814
0.00010645251313690096
0.001727705355733633
0.018957311287522316
0.01065752748399973
0.009758403524756432
4.913259999739239e-06
0.2716712951660156
0.02068251743912697
0.008340651169419289
9.617458090360742e-06
0.03280703350901604
0.028957905247807503
0.01783887855708599
8.766000405557861e-07
0.12318570166826248
0.000363868719432503
3.043814160719194e-07
0.005918055307120085
0.00039866281440481544
0.04731934890151024
0.02954549714922905
0.0024570603854954243
0.016222819685935974
0.0050772326067090034
5.332965429261094e-06
0.000933691393584013
0.00020955436048097908
0.011056200601160526
0.036945849657058716
0.007375014014542103
4.957804048899561e-05
8.838647772790864e-05
0.014736546203494072
0.0013008874375373125
1.4074536920816172e-05
2.8454045605030842e-05
0.0016823138576000929
1.0624935384839773e-05
0.002251967089250684
5.3057618060847744e-05
0.035126809030771255
0.008231297135353088
0.00012588466051965952
0.0015857553808018565
0.0030570493545383215
0.10009840130805969
0.006554336752742529
0.0002996469265781343
0.0009063670877367258
0.0024751380551606417
0.6163240075111389
0.001270028413273394
1.5204780538624618e-05
0.0005721134366467595
5.354384484235197e-05
5.627065183944069e-05
0.012607206590473652
1.6502960988873383e-06
5.370251528802328e-05
5.345282716007205e-06
0.0062859454192221165
0.02367173507809639
0.8404135704040527
0.004091520793735981
0.39183109998703003
0.7289881706237793
0.23339185118675232
0.1877584308385849
0.04324156045913696
0.0072234198451042175
0.0053613861091434956
0.12087014317512512
0.29116126894950867
0.8554560542106628
0.7395389676094055
0.002478821901604533
0.021103739738464355
0.03438244014978409
0.012254029512405396
0.07474388927221298
0.013345638290047646
0.009491942822933197
0.048145096749067307
0.15115651488304138
0.08683410286903381
0.002513526240363717
0.00986990612000227
0.0002616264973767102
0.9122499227523804
0.006792002823203802
0.03150533139705658
0.8459807634353638
0.2974573075771332
0.003844595979899168
0.0032488268334418535
0.004267683252692223
0.009287402965128422
0.02312537655234337
0.7575882077217102
0.3800393044948578
0.1371295303106308
0.21831272542476654
0.0166150014847517
0.9912755489349365
0.7320720553398132
0.17032165825366974
0.016975415870547295
0.7429854869842529
0.14602115750312805
0.01276643481105566
0.33077824115753174
0.019648222252726555
0.3546367287635803
0.38749372959136963
0.8749536871910095
0.40159091353416443
0.40918949246406555
1.769850314303767e-05
0.01390736736357212
0.34499257802963257
0.42647209763526917
0.24239173531532288
0.16896368563175201
0.003047194564715028
0.014149094000458717
0.06423156708478928
0.8762821555137634
0.002315610647201538
0.5255322456359863
0.6626548767089844
0.5346456170082092
0.6679929494857788
0.07412370294332504
0.00034174040774814785
0.0008674476994201541
0.6633110642433167
0.0003426208859309554
0.4925121068954468
0.9971438050270081
0.07638721168041229
0.0023626978509128094
0.04590250179171562
0.5137844681739807
0.01207671407610178
0.3380521833896637
0.41623175144195557
0.003357594832777977
0.033485982567071915
0.04187183082103729
0.3802848160266876
0.08422836661338806
0.00017795049643609673
0.3131468892097473
0.24543200433254242
0.0907311886548996
0.0011908068554475904
0.4203108549118042
0.693070113658905
3.607963662943803e-05
0.9900408387184143
0.0022371832747012377
0.9585728645324707
0.14792966842651367
0.1262264847755432
0.31597501039505005
0.05137287452816963
0.01064592506736517
0.5530703067779541
0.027110503986477852
0.539050281047821
0.8990616202354431
0.9666787385940552
0.0015404644655063748
0.2720907926559448
0.885124683380127
0.0017100548138841987
0.15936881303787231
0.982093334197998
0.507594108581543
0.8796127438545227
0.12920339405536652
0.8228521943092346
0.0007645342848263681
0.0010291144717484713
0.06362240761518478
0.00951723475009203
0.005422824062407017
0.1130261942744255
0.04092856124043465
0.15073543787002563
0.008300636895000935
0.019795242697000504
0.9949304461479187
0.008258000947535038
0.0003392678336240351
0.26246365904808044
0.3011673092842102
0.02433858998119831
0.0685596838593483
0.11413276195526123
0.9163073897361755
0.0045343320816755295
1.0079197636514436e-05
0.9976281523704529
0.8945538401603699
0.22297266125679016
0.005324588157236576
0.6131850481033325
0.9633730053901672
0.23051774501800537
0.9211255311965942
0.11011455953121185
0.9945430755615234
0.8136901259422302
0.011196967214345932
0.8794478178024292
0.3093225955963135
0.772590160369873
0.6730523109436035
0.8352664113044739
0.8707286715507507
0.5582208633422852
0.16786660254001617
0.7399134635925293
0.8106268048286438
0.001713925856165588
0.993440568447113
0.29634565114974976
0.9661372900009155
0.0005346424295566976
0.9521462321281433
0.6165018677711487
0.04498349502682686
0.9086880087852478
0.03737027943134308
0.4396980106830597
0.018708543851971626
0.015705853700637817
0.13385845720767975
0.00015223117952700704
0.00021863653091713786
0.0567452572286129
0.1424948126077652
0.3417279124259949
0.2535126507282257
0.08625760674476624
0.8887833952903748
0.05439707264304161
0.0003624300588853657
0.007121867034584284
0.4845432937145233
0.024937743321061134
0.00011415634071454406
0.06911102682352066
0.017422841861844063
0.005000059027224779
0.1409389227628708
0.05070728808641434
0.0729399174451828
0.057571228593587875
0.0844423845410347
0.004268880933523178
0.45694804191589355
0.005640873219817877
0.0027591949328780174
0.39633870124816895
0.07167333364486694
7.25698409951292e-05
0.029258985072374344
0.07136188447475433
0.08081119507551193
0.01325346902012825
0.8164170980453491
0.00020808615954592824
0.018355106934905052
0.4149641692638397
