0.7332878259257491
0.020133652306100747
0.0003237694717170373
7.942299885020288e-05
2.6709004411417173e-05
0.0006413824119744421
0.02853955520429918
4.643685604190858e-05
0.0034082256795466438
0.0030302180561523734
2.5526774627803358e-05
2.5755030314383534e-06
5.430821906149087e-07
9.526619675405507e-06
3.344151471231696e-05
0.0027707184323906412
3.074825075427323e-05
3.111592750211873e-07
0.9998671295209026
0.00014185787153383334
3.608702904415677e-05
7.954188599804845e-05
0.9979885599421431
0.00024881682980632637
0.0002316255463833483
0.00011181543037786435
0.9999963021400982
0.00021939550294165208
9.252440221727428e-07
0.025256248069608064
0.0013235616042938186
8.666593912776199e-05
8.903396252373988e-08
7.145931874163027e-07
0.007984778196436428
0.0002526865095519086
1.438141568344854e-06
0.014447390206923994
9.539386952652583e-07
0.00024670612911784274
3.193655247231229e-05
0.9997371774897181
0.9998112799451736
0.9992815804123402
0.9969122185497035
2.4238780782582388e-05
0.0014950486946670798
9.613628476884109e-05
0.0001311743782706511
0.9999857298153105
0.9983984106040105
0.00013369433311267997
0.03907135458708673
0.9998388462683975
0.005339945985624363
2.0528389422616557e-05
1.4670053348888028e-05
0.003813362812286792
0.9999795138109555
0.9995636933774478
1.98180615056473e-05
0.0002068928451968577
0.0005577672804802078
0.8962727018583514
1.7924304341892382e-07
0.0011404935542896069
0.0001690674217951481
3.2112131361958e-06
0.00012929615097435193
2.1863554870947085e-05
0.0020373779105185455
0.00021406431443619329
4.93243536545336e-05
1.246054651245068e-06
0.9998909488072857
0.9998898175418
0.9984365112643835
0.000837674080550579
2.7371374169555686e-06
0.9999107458415186
0.00026026471272608297
1.4954531846223586e-05
0.0018030888064061153
8.186370507029612e-05
1.6137965566789164e-05
0.9999962204805695
0.0006752899587683577
0.9999056607634387
4.4709914864868346e-05
6.452203482418745e-06
0.0026204576508870284
0.9994557556886875
1.9345769166459344e-05
1.4420558357768205e-05
2.729678306557346e-05
6.536684279617547e-05
1.011987160660253e-05
8.50103226497579e-05
0.0011568858375305222
5.611209730910085e-05
8.862316471744609e-06
1.3095968731433235e-05
0.000351477594470343
0.0005128000813904007
0.0011751064711145542
0.0037006084511812458
9.314906152259139e-06
0.00013506052417320286
0.9539653078617532
0.9971751236415085
0.00041975745475937603
0.0065980579024211995
8.98394719819039e-05
0.10770124798761621
0.0005060436414443644
0.005965958937523523
0.012167906160865043
0.0036884469607814125
7.320047706646656e-05
0.0003617260270147658
0.00011457677615212222
3.6198227017426265e-06
7.203208365530914e-07
5.826164882261191e-05
1.7287887130367158e-05
0.0018219433353891163
0.0001075727518866216
0.04325868887945903
0.16320349929846414
0.0016946758845177337
1.7424171822803172e-06
0.011609662150921733
0.0036775934308978368
0.00025059472790820683
4.0229115128255694e-05
0.004906029047453539
0.0001910821242299274
3.871472846300857e-06
0.001706835276827725
5.401082132153795e-07
0.00014672215579263697
0.00037644450029895523
0.009597207492071188
0.0003024699407163599
0.0026861184463492023
0.00023823067840935547
0.0009491937198373794
0.000640960893310923
1.783545949072419e-05
0.06837840589801165
0.002357747263596673
1.2516453312758889e-07
0.0002731356759713738
0.0051826637942542445
0.000900813995431138
0.007742054832331319
0.025821511230459407
1.1212776752782688e-05
0.000913181327739782
0.00019768753113222847
0.00011612503019752404
0.011831578073866915
2.2594138820024506e-06
0.00020673486166098066
0.00039644135454230256
9.184294646495706e-05
0.19115477641238765
0.9999555012341842
0.9999918835955751
9.968376742543399e-07
0.008071469332157372
3.845929708473308e-05
3.235871414216163e-06
9.232669403954384e-06
0.00222099568090521
0.9998836603024791
0.0004888663960244449
0.0003810273855333619
7.915839263067861e-08
0.002396423452108161
0.015695138401509778
0.9999850043776072
0.0259209803049332
0.00020959185526659663
0.13154108557421704
0.001487701376193818
5.254303736583847e-08
0.004224457958726643
0.9987267223904511
4.6933768119504104e-05
0.0016311928197751007
0.9355591952660788
0.004058604418171618
0.0017979230003873701
8.140569508572942e-06
0.0008767689029821142
0.0015208691147460807
0.004775563840331362
1.2877841378729403e-05
2.1185465999460405e-05
0.001557892739144435
0.000896194530765572
0.9987105208874156
0.09769914958793187
0.0030208509462820794
0.9999683961431539
2.070072867055428e-06
0.0006599554584759014
2.64337069604923e-05
0.9937876766779443
0.9997533391038353
0.0003409105430827506
2.5821075374989022e-05
9.270360599909167e-05
0.00039327341474545936
0.001709921632385409
0.0018939311850355166
0.9980129271597057
7.045054642645739e-07
0.0021241649520673043
4.117100609464189e-05
1.3103245189398163e-05
0.03817551811714696
0.9999833796901636
0.001325670766223393
1.395965763004457e-06
0.0003208156162624677
2.6722600534413186e-06
0.13882526553504876
1.6544569869360278e-05
2.226872414860121e-05
7.513140921578853e-05
0.1796138443628147
0.000522608106384677
1.1446391553980665e-05
4.788951083061811e-05
2.5061118928244788e-05
0.0010118642321676038
5.409364625845346e-06
8.717432784195716e-06
2.5828882133559954e-06
3.3640583930518105e-05
4.916799890328419e-06
0.00012334915585254173
6.146616185637026e-06
0.020166890342631517
0.0019267388022768982
0.3240403432696431
1.2736396871727845e-05
3.732203229880904e-05
5.064906126423154e-06
7.353107638827674e-06
0.00010014771333963784
0.9999980457911042
1.3073855248210961e-05
1.2320656057952078e-05
0.00013833357476568666
5.742892760433025e-05
2.8288046442171944e-05
0.0010028676594235806
0.0005965643256919465
5.709583326605528e-06
0.9997831258402265
0.0011015001741096725
5.2820296201386476e-05
0.996880503337249
3.4948066525785e-06
0.005846272934660347
1.9382391911703633e-05
0.0001369934484978371
0.9918139927757006
4.629850801422475e-06
0.012670842191518292
0.002031589043097344
0.00345929594073013
3.1688409756018878e-06
0.00010855544030381613
0.9224266310679176
5.976795578126146e-05
0.023869701068028548
0.7517740394062875
0.9995422317987158
0.9988771704890913
6.0514470700323525e-06
0.0009210993805824838
0.9999759621047221
0.0002473904982492076
0.22430896238549125
0.9213503735510383
0.00032902392611399263
0.9998391076066776
8.966164107996652e-06
0.0016432383072428926
0.00010105724980298741
3.360761598746506e-05
0.9908191042911332
6.374950136975339e-05
0.00027641349742555396
0.9939534155125778
1.7505486671776001e-07
0.0003344143883115917
0.999986804885344
3.988768880792468e-06
0.9999472548582224
4.496891319822102e-05
0.000868055160707661
0.00500867101430282
1.795983825092524e-05
0.00023037196251595796
0.999789439479858
0.0006175583379492667
8.222322606681318e-05
0.0022530018385484396
0.002592168442920659
1.3752129889270846e-06
4.692575192680007e-05
0.9938457366491144
0.9958519772507975
5.435450874710073e-05
1.0703472592929267e-05
7.148498651985739e-08
7.011380559716807e-05
7.470312572153657e-08
0.00015191416065926246
0.0005797596047073356
6.206248671323124e-06
0.001250359816492718
0.08632656062592384
5.269357268520394e-05
1.0604764153412045e-06
5.251328227668226e-05
6.702835208818562e-07
0.000158732850771076
0.00023655942676599468
0.001238809904401929
6.753203170707139e-08
0.0010611964818437215
0.0009559724248077629
5.803068048449338e-06
2.240478397344313e-05
0.00204441815797148
1.704015325652423e-05
0.9992147094931999
0.9996345941391989
0.9999477721835746
0.002072963422654804
1.145063898845665e-06
0.0002877010410389803
1.8689161709259583e-05
4.542230102968878e-05
0.0038486762108504657
1.8308441480830657e-06
0.998594303961965
6.427731261153104e-05
4.036062115972475e-05
1.1147248311916703e-05
3.182740500485132e-05
0.00014942388733277012
0.0008326186271969211
8.233531478554258e-05
3.90798270036059e-05
2.924681484498309e-05
0.007529933805280941
2.924455796356191e-05
1.8978134889842325e-05
0.001495720536989838
1.5070604132955258e-06
3.5770584377111346e-08
0.00032515346284393045
1.5900685902136048e-06
1.0224829543629632e-05
0.012765522603183725
7.236761376664274e-06
0.00033475054791234313
0.9999570770246429
0.004525053004255577
5.1268564132442906e-05
1.1809539746777497e-05
1.0498751059045978e-06
0.0026209918965466083
3.0147411073719834e-05
4.911703008971305e-05
3.553960781804558e-05
0.00021884984841504847
0.011234465782150078
0.0002489877753417414
0.00011975593109325689
0.9977919373500073
4.448305859177045e-05
3.686287517957029e-06
2.252043472748525e-05
3.3285897651887484e-05
1.2981374680093088e-07
0.0007150405558793472
0.009956876228512929
3.5626762130030906e-06
0.0113640199498418
0.0008768933799063519
0.012775643884173541
1.6942327872660626e-06
0.0002232807305872127
4.153029365973354e-07
7.279312938885048e-07
0.0002678517994996655
2.4852898637746056e-05
2.803337016559365e-07
0.0035323306530738933
0.0011302062675753494
8.679140760495818e-07
0.9983542337546548
2.0401114353818756e-05
5.3769645842003954e-05
2.508254603209207e-05
0.0026831876150771043
0.0002166874364330322
2.62510115738508e-06
1.3748426493462877e-05
0.0005890090607909707
9.300896064894205e-06
0.001020549721308793
0.00014207262297122601
0.0002493188473883665
4.457150432595018e-06
1.2869789318115148e-05
9.403219880819867e-06
5.467346845444273e-05
0.000877358931536967
0.00034175365964104256
0.001382079166620076
0.0012777187786066047
0.00020534948963757944
2.9438649038254244e-05
5.198602782740728e-05
0.0025102541588199324
0.00017087733309033884
0.00014810704162928278
5.751527010069911e-06
1.047655182099627e-05
6.805022336359456e-05
0.0005215584167904341
1.350162074364282e-06
2.5007087126239562e-05
8.007040121024403e-05
0.00081958108963822
3.056706062226443e-05
5.72146200850457e-07
0.3226419470442047
4.547943904142088e-06
5.19107148281961e-05
0.9992557563343156
2.6281835695690056e-05
0.9998995856277968
0.0006021110290123337
0.0010875882795771605
4.258394252135797e-05
2.1061175177847607e-05
0.9999818927619627
0.9894099963490572
6.2853999665850025e-06
0.0003709141140681042
1.367249727553484e-05
0.0002236321496765414
1.970342051291475e-05
4.425822818332423e-05
0.9999924849940334
0.004650887515150752
0.032227271812350106
0.00010493756458680629
0.002317940170713538
1.1024934217544034e-05
0.9984708372777632
1.5915319128785697e-06
0.001705188712841652
0.004337466619756694
0.056691141430028354
0.00014452571579920878
0.001564438406163099
0.005533142613189168
0.02145543303655119
2.8112086373954817e-05
0.00016631365600464513
5.794806859971072e-06
3.7970015376459093e-07
2.3755027315697788e-05
6.190425926619744e-06
5.234411881069407e-05
3.202296479425378e-05
0.00019719753007858734
1.4714410138940975e-06
0.020740938754833686
5.5600300120955834e-05
0.00010719061033574959
2.1849304031664963e-05
1.624209274198004e-05
0.012996901383062963
6.82520043851171e-07
6.410580069042229e-05
4.859528336274497e-07
0.0009420703273715807
0.008178123901971176
0.001818417433198325
0.0007882740379507783
7.715722413727517e-05
0.0005232973650464911
0.01301984705579041
0.0011070977707736778
0.014699628931328342
4.036858795784782e-06
2.5997001084549357e-06
0.0003065634174542312
3.4153403354736227e-06
0.0001938158615900151
0.000394045966297975
0.0006552939451908686
1.6135859196124438e-05
0.0005836402112558194
0.02769537883924951
0.0022840230208709365
0.001757171373049584
0.002480103212811247
4.5894386901544045e-05
0.9297592529307142
7.436823424260772e-06
0.0003981002166415953
0.1954273105168038
4.853181906792399e-05
0.00962753688634734
0.007583934945290076
0.00013329595957009777
0.0016781506928893477
3.2475526221568304e-05
1.53321303175476e-06
9.02327660984171e-06
0.9905919739653497
1.1643513905448539e-05
0.9994615181601406
0.9999781074904724
0.0019589260475459166
0.005487034041958862
3.9083272203049704e-05
4.812559434668555e-05
4.985846854989221e-06
0.0025229953969782945
1.850201801446294e-07
0.9982165233081559
0.9936125739037759
0.0008156238618861297
3.2248690248556957e-06
5.758161761888072e-06
4.66448092196815e-06
7.08856210547377e-07
3.741852861804705e-08
1.3011464843896654e-05
4.572904196129524e-06
1.7902374431576824e-06
1.5730880875720206e-05
0.00437277519026256
0.001139289055457914
7.192244374134096e-05
0.9959225433476807
0.0003301074675877699
9.487898283510404e-05
0.9994777529574639
6.900455364646806e-05
4.420453522061226e-05
1.1431475914299537e-05
8.51818384273299e-05
0.0014244890137762505
1.1016580757588663e-05
0.9981836095024159
1.1694845377371208e-05
0.00037811085279904674
0.035154303430813355
2.7014336925963064e-06
0.9999918502530349
0.9995543782011639
0.0033448719801272443
0.6320561492700033
0.9995973865287597
0.9997589242642684
8.950075725068465e-05
0.991504462305565
0.0006700411540780842
0.9998662906224066
0.9999596456668987
0.9999507591853831
0.999330102189556
2.0122602013456634e-05
4.05236124632672e-06
1.1426577144998173e-05
5.101576480843427e-05
0.998728488040783
0.9988453934967948
4.973960062791136e-06
0.1352015857646213
5.919846145968458e-06
0.023941017330718635
0.9999078144774031
1.1386273569945401e-05
6.529551917735351e-05
0.9999972410108936
0.9999696806680414
0.9998252344532362
1.0275903308950029e-05
2.2341658701570045e-07
6.319439191050725e-05
0.9988393818512287
1.5422013701536168e-05
2.348401268371978e-06
0.9988466631007121
4.32391849630154e-05
2.1230449870072497e-05
0.15119772544808321
0.9987462194344041
0.0035731612805756678
0.00011440948220315483
0.0005884682061656842
0.6955468353199245
6.581800748867107e-05
1.4734069778245519e-05
0.9999965432294848
0.00019744036076420058
0.048932868598114306
1.9873847668905283e-06
0.9999674661836596
0.0001773275095502956
4.042272696960087e-05
0.9475734575637738
0.999961991316307
0.0008763907877635115
0.9999618852191479
3.878518881476719e-05
0.615096031660865
3.8425806857666914e-07
0.00041770507811692773
2.2954335177789905e-07
0.004732289529201108
0.003166686328361529
0.9997333651474707
0.0002890950405027411
0.9998734921158272
0.999947475214093
0.9999208571921915
7.224384219826456e-05
0.0003378340678291178
0.9999373296118016
5.568984749556027e-06
1.9351872737370858e-05
0.7198467543217961
0.9999060332561431
0.5921083972642289
0.00412101967493081
0.9999245829787332
0.000170158109833581
0.00015401949619673862
1.5136300636138668e-05
0.5488129827903355
9.271516268270557e-05
3.4414951294826766e-05
5.080638608152071e-06
0.0018504920777868037
7.246234580952691e-06
8.465506446983156e-06
0.998608036003839
0.00016036624178631447
1.3630625904998076e-06
2.9069686405281683e-07
0.9995830895426793
0.023190835781522912
8.460754180816913e-05
5.197235276271248e-05
0.9999612120496512
3.4314717933042447e-05
0.08466023064285852
0.9837027057997062
0.9998409823260426
0.9999891798622976
3.3065219810322e-05
0.9996715654278914
0.9972270779472582
3.444578783045295e-05
0.628914225217072
0.0003957657263048371
0.9589727800409875
0.9999878062415353
1.321495342071877e-05
0.9999941758731519
0.0004171433727152885
0.9999821099319491
0.999279566258112
0.9710036634807977
0.200372696369151
7.706335219147689e-05
3.6934753960236153e-06
0.9999175698444766
0.9998933619432453
7.023232055476991e-09
0.9217616420734573
0.9999936328967454
0.9999992669454905
0.008384957449952418
0.9987149321450945
0.9999896469120313
0.00023243814703919718
0.9993190448553925
0.0005381370777858117
0.9999727092424624
0.0034025301264871024
6.565261067905629e-05
0.0010754102062921279
2.0420104391696968e-05
0.04272794673044432
2.0252618057621404e-05
0.0074424128273192
0.9998378625171505
0.9996921973415919
0.02490807252721514
0.5741109526674609
0.002077081735663644
0.00011271537706696604
7.737199492937503e-06
0.0006672199291696788
0.00017922405847788884
1.184235179833277e-05
0.00014200249232750387
4.418471695745136e-06
1.017571312626392e-05
1.0212725016175783e-05
5.683996415481499e-08
0.013741799501992471
0.0018743820882170831
0.0004121036177317325
0.0017040771111803466
0.03928050157514818
0.00015859637178057006
0.00019236464933151655
7.786367471447847e-05
0.0032372386677255623
7.632229839370972e-06
0.00033201567131328297
5.3979003615531864e-05
0.003162307137986513
0.005662772086810186
0.8608797938272585
0.0013723841214167585
2.0953311385261686e-05
0.0026638166706759855
