0.420314222574234
0.09776438772678375
0.23771518468856812
0.0351753868162632
0.10092827677726746
0.277129203081131
0.20892255008220673
0.26846233010292053
0.3011305034160614
0.035203441977500916
0.09114973992109299
0.040348801761865616
0.02218392863869667
0.4460786283016205
0.35509955883026123
0.06299105286598206
0.09019152820110321
0.15712767839431763
0.7887091636657715
0.09461989253759384
0.04278216138482094
0.08473984152078629
0.7529504299163818
0.05936678871512413
0.08608514815568924
0.18726854026317596
0.14498406648635864
0.10626610368490219
0.022006772458553314
0.1567952036857605
0.3070675730705261
0.06919219344854355
0.02690489962697029
0.00465476093813777
0.11380662024021149
0.051255326718091965
0.48255404829978943
0.07587896287441254
0.12202762812376022
0.6475071310997009
0.052821479737758636
0.2705913186073303
0.3418922424316406
0.6855664849281311
0.40567028522491455
0.0932689979672432
0.29819419980049133
0.13718731701374054
0.2884140610694885
0.6749594807624817
0.6771388649940491
0.2068822681903839
0.13541945815086365
0.5888600945472717
0.11691846698522568
0.09648122638463974
0.01595212146639824
0.07848037779331207
0.32599055767059326
0.1104431226849556
0.030965633690357208
0.16777841746807098
0.14188139140605927
0.4780501127243042
0.035394471138715744
0.01639654114842415
0.07942091673612595
0.1175188422203064
0.04732537642121315
0.03216774761676788
0.06483056396245956
0.2917979955673218
0.30601415038108826
0.08601199835538864
0.51490318775177
0.840236246585846
0.34713074564933777
0.033241476863622665
0.0871419608592987
0.7649586796760559
0.3167020380496979
0.20020277798175812
0.06080097332596779
0.16283626854419708
0.060215383768081665
0.13939933478832245
0.19659876823425293
0.1855042427778244
0.095511294901371
0.06300728023052216
0.3925742506980896
0.6561764478683472
0.050674110651016235
0.044894989579916
0.15275241434574127
0.07666189223527908
0.07700783014297485
0.13838285207748413
0.11147277802228928
0.12366530299186707
0.021955296397209167
0.027052409946918488
0.003414967330172658
0.007813929580152035
0.03026289865374565
0.01637534610927105
0.04835930094122887
0.05057016387581825
0.26017457246780396
0.22605715692043304
0.04302426055073738
0.02290106564760208
0.08000670373439789
0.013383237645030022
0.018712634220719337
0.07208316028118134
0.054559241980314255
0.07772964984178543
0.023503027856349945
0.06294184178113937
0.05199168995022774
0.0390714667737484
0.011358505114912987
0.04014464467763901
0.0073296865448355675
0.11401189863681793
0.006256313528865576
0.013803891837596893
0.10213200747966766
0.008202261291444302
0.030938293784856796
0.2816488742828369
0.3923327326774597
0.036614544689655304
0.040775056928396225
0.054533619433641434
0.03231150284409523
0.09324666112661362
0.034809332340955734
0.14520345628261566
0.015725422650575638
0.0297763179987669
0.05591285973787308
0.13820551335811615
0.07763414829969406
0.02269299142062664
0.03617377579212189
0.033741872757673264
0.10950474441051483
0.10169269889593124
0.012500213459134102
0.027516933158040047
0.02819495089352131
0.05926031619310379
0.30783483386039734
0.054944396018981934
0.043874986469745636
0.063316211104393
0.01962924748659134
0.1885395497083664
0.004401324782520533
0.02565620094537735
0.0013612015172839165
0.041413161903619766
0.04638674855232239
0.003481961088255048
0.130635067820549
0.3663601279258728
0.4985943138599396
0.009664937853813171
0.012786298990249634
0.01355941966176033
0.10622342675924301
0.02694845199584961
0.08068034797906876
0.041390325874090195
0.0038132225163280964
0.0536746047437191
0.059674736112356186
0.0685708075761795
0.06222376972436905
0.03944440931081772
0.04160986840724945
0.011348310858011246
0.05945046618580818
0.17659588158130646
0.09351485222578049
0.025180421769618988
0.3410513699054718
0.3399554193019867
0.0482923723757267
0.16181670129299164
0.18075962364673615
0.039177097380161285
0.03870963305234909
0.026963625103235245
0.12312251329421997
0.06055378168821335
0.035915061831474304
0.00928123202174902
0.015196995809674263
0.06030019372701645
0.5091806650161743
0.07988139986991882
0.25323545932769775
0.24879252910614014
0.08530155569314957
0.19181230664253235
0.24283386766910553
0.29216301441192627
0.1414385885000229
0.2485218644142151
0.06473059952259064
0.22221368551254272
0.5057401657104492
0.2308536022901535
0.3069978654384613
0.1586913764476776
0.0066963257268071175
0.5245206356048584
0.17669859528541565
0.07332216203212738
0.023586608469486237
0.34873244166374207
0.21694809198379517
0.08022075146436691
0.15248620510101318
0.09295015037059784
0.18142914772033691
0.2503018081188202
0.19838930666446686
0.09955772757530212
0.2863166332244873
0.03939366340637207
0.3087802231311798
0.031021634116768837
0.26915162801742554
0.25181400775909424
0.1935059279203415
0.3099097013473511
0.1742972582578659
0.0016265450976788998
0.13212956488132477
0.1547609567642212
0.05856021121144295
0.30348482728004456
0.10868563503026962
0.2212831825017929
0.09463673830032349
0.15141943097114563
0.46983224153518677
0.12012530863285065
0.47069624066352844
0.6188876628875732
0.10530725121498108
0.32675716280937195
0.07256390154361725
0.22718670964241028
0.08836904168128967
0.1261291801929474
0.19373396039009094
0.2234155684709549
0.48843154311180115
0.012947355397045612
0.15550297498703003
0.2546689510345459
0.2109072357416153
0.1156066507101059
0.27519556879997253
0.048619549721479416
0.2735739052295685
0.27858254313468933
0.2328162044286728
0.10717400908470154
0.03165159747004509
0.23333321511745453
0.08468065410852432
0.5048604607582092
0.3547285497188568
0.2671244144439697
0.5534946322441101
0.24905839562416077
0.1521971970796585
0.24057090282440186
0.1692422330379486
0.27191489934921265
0.09604844450950623
0.20252153277397156
0.1983330249786377
0.12354292720556259
0.2316952794790268
0.07120414078235626
0.0871543362736702
0.43038618564605713
0.04658632352948189
0.3481932580471039
0.14910417795181274
0.10293594002723694
0.27927911281585693
0.2117779403924942
0.049730874598026276
0.43706780672073364
0.10104425996541977
0.6525669097900391
0.19427479803562164
0.13652078807353973
0.14307230710983276
0.013798614963889122
0.07363135367631912
0.18357811868190765
0.023509135469794273
0.19198963046073914
0.17468564212322235
0.0980953574180603
0.10752411931753159
0.17403444647789001
0.6461042761802673
0.32079821825027466
0.28498342633247375
0.04056229814887047
0.05999656394124031
0.2184848040342331
0.02515539526939392
0.042670391499996185
0.030992409214377403
0.028233647346496582
0.08408618718385696
0.0850844532251358
0.21107476949691772
0.2454780489206314
0.06044153869152069
0.07074689865112305
0.01785600371658802
0.2716294229030609
0.12275868654251099
0.009725484997034073
0.18100495636463165
0.01361924596130848
0.06857564300298691
0.01972806453704834
0.03526388481259346
0.057924799621105194
0.16027937829494476
0.2770819067955017
0.24007150530815125
0.04618404433131218
0.03299916535615921
0.03863591328263283
0.12083069235086441
0.01979147084057331
0.016186045482754707
0.0559287928044796
0.11554981023073196
0.02963944524526596
0.02734939567744732
0.009084840305149555
0.007766802795231342
0.002458231756463647
0.070406474173069
0.0036994079127907753
0.04001115262508392
0.1430620402097702
0.03538038581609726
0.07862856239080429
0.026092279702425003
0.025137316435575485
0.0543917752802372
0.04087624326348305
0.07653753459453583
0.04042402282357216
0.03573860973119736
0.14871029555797577
0.054766103625297546
0.018021786585450172
0.11755489557981491
0.09737610816955566
0.17551767826080322
0.05937931686639786
0.03131527826189995
0.06508199870586395
0.0017967860912904143
0.0002953031798824668
0.0003187398542650044
0.004187034443020821
0.05865698680281639
0.001707599963992834
0.002723491517826915
0.24125762283802032
0.022270534187555313
0.0016206237487494946
0.006890078540891409
0.0009921068558469415
0.005248001776635647
0.0001319367584073916
0.000898222962860018
0.017631467431783676
0.022736931219697
0.00431531947106123
0.08342239260673523
0.01458192802965641
0.0029599943663924932
0.003871519584208727
0.0008709427784197032
0.004708253778517246
0.0018102438189089298
0.00017882375686895102
0.001834980444982648
0.0030642542988061905
0.013021960854530334
0.7098145484924316
0.003015082562342286
0.11842625588178635
0.009158620610833168
0.0009902426972985268
0.004024377558380365
0.0011638628784567118
0.0003127693198621273
0.010918645188212395
0.0021911896765232086
0.00034344076993875206
0.0028580566868185997
0.00617971271276474
0.002853789133951068
0.0021541027817875147
0.0023183466400951147
0.0017262304900214076
0.00402900530025363
0.007643894758075476
0.006212925538420677
0.014311385340988636
0.0007210517069324851
0.007937775924801826
0.0003235240583308041
0.012094629928469658
0.013286647386848927
0.0008079693070612848
0.0014389394782483578
0.004234188236296177
0.005101957358419895
0.04675387218594551
0.005259968806058168
0.017261775210499763
0.014725776389241219
0.0028741739224642515
0.03719157353043556
0.024250205606222153
0.04038763791322708
0.013701928779482841
0.025053903460502625
0.2819540202617645
0.03828820213675499
0.43802839517593384
0.008579987101256847
0.04382474347949028
0.2533532381057739
0.019069626927375793
0.17152823507785797
0.2443370372056961
0.03916805610060692
0.022281069308519363
0.01734018698334694
0.01592705212533474
0.04791582003235817
0.1371275931596756
0.2542893886566162
0.11115392297506332
0.3013814091682434
0.09848523885011673
0.02040746621787548
0.002979227574542165
0.1332223266363144
0.013097112067043781
0.0198818426579237
0.08558160066604614
0.03187686204910278
0.2620469331741333
0.005147257354110479
0.09259704500436783
0.14922964572906494
0.012117874808609486
0.012684640474617481
0.0800090953707695
0.050318941473960876
0.05241279676556587
0.003417684929445386
0.12564799189567566
0.0009422976290807128
0.008428573608398438
0.012211490422487259
0.2159576117992401
0.01141444779932499
0.06688192486763
0.38722407817840576
0.015041076578199863
0.13624495267868042
0.0007226322195492685
0.12527842819690704
0.0012483204482123256
0.04648073390126228
0.06050433963537216
0.016271956264972687
0.0076773096807301044
0.017586734145879745
0.23413707315921783
0.012884502299129963
0.006117154844105244
0.007836604490876198
0.0385328084230423
0.016009822487831116
0.01344077568501234
0.01706967130303383
0.04759163409471512
0.0797797366976738
0.044853296130895615
0.005713128950446844
0.01468418538570404
0.041914161294698715
0.0733402743935585
0.05246736481785774
0.027978749945759773
0.018063200637698174
0.39819374680519104
0.017427455633878708
0.00252286484465003
0.08270743489265442
0.024796999990940094
0.032078299671411514
0.019915537908673286
0.0022357713896781206
0.010318759828805923
0.021265318617224693
0.029434747993946075
0.145370751619339
0.5092054009437561
0.2640218436717987
0.6902485489845276
0.5798788666725159
0.35877150297164917
0.21934804320335388
0.17160148918628693
0.2961048483848572
0.22300828993320465
0.4319610297679901
0.2978910207748413
0.173866868019104
0.4313034415245056
0.3607007563114166
0.11594146490097046
0.0722794458270073
0.10941977798938751
0.26174646615982056
0.13935868442058563
0.38694289326667786
0.17295809090137482
0.20491008460521698
0.30156993865966797
0.2905557453632355
0.3371042013168335
0.33670538663864136
0.14753969013690948
0.19712591171264648
0.3937215507030487
0.2863645851612091
0.6330699920654297
0.02327798865735531
0.09646819531917572
0.05657782778143883
0.31747597455978394
0.10784419625997543
0.4293927252292633
0.3336394131183624
0.4168362319469452
0.2065342366695404
0.27236440777778625
0.6518198251724243
0.6638267040252686
0.3080006241798401
0.375984787940979
0.4534977376461029
0.22958903014659882
0.26919135451316833
0.5585705637931824
0.19398579001426697
0.4243461489677429
0.4589679539203644
0.6735699772834778
0.3932812809944153
0.4347955882549286
0.06103920564055443
0.2944471538066864
0.1642807573080063
0.6063130497932434
0.2520883083343506
0.33339250087738037
0.2702808976173401
0.4552559554576874
0.46088162064552307
0.7135088443756104
0.05495062470436096
0.203491672873497
0.7336985468864441
0.46104463934898376
0.5522644519805908
0.41849836707115173
0.20760487020015717
0.09753237664699554
0.2756844162940979
0.16672451794147491
0.26055002212524414
0.6032549142837524
0.1889609545469284
0.283085435628891
0.13620856404304504
0.5132286548614502
0.16922342777252197
0.3161812722682953
0.555773913860321
0.20518527925014496
0.14762870967388153
0.343998521566391
0.48603594303131104
0.27208074927330017
0.22144493460655212
0.4556942880153656
0.5672749876976013
0.17983466386795044
0.1207725927233696
0.4527158737182617
0.42704805731773376
0.1426680088043213
0.6621498465538025
0.2296925187110901
0.31543564796447754
0.7311333417892456
0.17689454555511475
0.362349271774292
0.2563086748123169
0.3716152012348175
0.3556642532348633
0.0736357569694519
0.5330647230148315
0.6160160303115845
0.7307437658309937
0.12917973101139069
0.5643212795257568
0.4492906928062439
0.4133976697921753
0.33649134635925293
0.4967688024044037
0.29523608088493347
0.4384407103061676
0.5046398043632507
0.16431358456611633
0.15704575181007385
0.04569239914417267
0.04128720238804817
0.2086733728647232
0.33549579977989197
0.09774044156074524
0.051274728029966354
0.21559937298297882
0.32754215598106384
0.3784406781196594
0.7147649526596069
0.21624650061130524
0.005776895675808191
0.22135764360427856
0.3643762469291687
0.16489984095096588
0.5278476476669312
0.193208247423172
0.6643317341804504
0.15543195605278015
0.12933091819286346
0.5986435413360596
0.6513211727142334
0.3034915328025818
0.06636296957731247
0.6230320930480957
0.6504232883453369
0.19044411182403564
0.47062402963638306
0.12587204575538635
0.7735083103179932
0.39448535442352295
0.028811926022171974
0.30146145820617676
0.505839467048645
0.1941184252500534
0.3903888165950775
0.45123055577278137
0.296163946390152
0.4608379602432251
0.4777403771877289
0.54938805103302
0.569939911365509
0.06226682662963867
0.3863500952720642
0.47216901183128357
0.7673319578170776
0.1388673186302185
0.3364289700984955
0.16032204031944275
0.1591680943965912
0.4577929973602295
0.4320293068885803
0.17722906172275543
0.22970694303512573
0.33156153559684753
0.4567815661430359
0.030458223074674606
0.1283027082681656
0.11557096242904663
0.36687201261520386
0.26105809211730957
0.40610629320144653
0.07112084329128265
0.48187312483787537
0.030393965542316437
0.02286343276500702
0.15326948463916779
0.33511990308761597
0.15874072909355164
0.005654613487422466
0.16421175003051758
0.3596281409263611
0.23526796698570251
0.2203887552022934
0.34903159737586975
0.14236420392990112
0.20257413387298584
0.22841328382492065
0.14831754565238953
0.25526678562164307
0.12276653945446014
0.029478147625923157
0.3015315532684326
0.03262431174516678
0.0027770374435931444
0.06903468072414398
0.21182657778263092
0.2645665109157562
0.26907992362976074
0.5650319457054138
0.12393446266651154
0.13316693902015686
0.2826536297798157
