epoch: 2000
2.1267944

SAE

1.963315118426491, 
2.013696742950291, 
1.5149270123688572,
2.0440658282244524,
2.449958384762991, 
2.186399718121794, 
2.338833952059075, 
2.154678472150237,
2.1540570120380744, 
 1.8611561930444722,
 2.15253597931386, 
 1.8417257607425033,
 1.9090451056661981,
 2.3111458884317955,
 2.1719619298659265,
 2.643313796818712, 
 1.8247170191554347,
 2.1860449643330497,
 2.370760019813196, 
 1.728606378592085, 
 2.5586884819370574,
 1.7449595597727496,
 1.7805263215132454,
 2.0471461083395606,
 2.031144864843871, 
 2.054669803452375, 
 2.1945706643638014,
 2.6448474508078865,
 1.9983182551885397,
 2.0900355930431322,
 1.9903954018961125,
 1.6075370637834907,
 2.18025270508012, 
 2.1033181021448026,
 2.237807949213036, 
 2.056530298319036, 
 2.3007049337116277,
 2.477799466843609, 
 1.9589147045123965,
 1.7789271730421365,
 1.8940274836020425,
 1.922243805866452, 
 2.9123063011063537,
 2.768895114169118, 
 2.613828053159464, 
 2.2781859814813377,
 2.4014035476200766,
 2.0532795500711596,
 2.0134643890014847,
 2.2086533147424063,
 2.4272577933919144,
 1.9878263828223113,
 2.322471390705277, 
 2.139501976264559, 
 2.1957105504967687,
 1.7128704142188431,
 2.878504482736609, 
 2.0101225537184573,
 1.8757263641373603,
 2.1513219921783757,
 2.2499401172364224,
 2.220184126919136, 
 2.2465352343177845,
 1.840898401014565, 
 2.106875258929321, 
 2.6102060516450205,
 1.6718963936687465,
 1.8975740804588315,
 1.8223312713688031,
 2.4048113594089817,
 2.0430130391121226,
 1.942689238024217, 
 1.9905897509250727,
 2.6623673142289146,
 2.06936977289579, 
 2.012645222212286, 
 1.5493199593104359,
 1.902916892437291, 
 1.6767564824233578,
 2.1446949538142035,
 2.26751366170712, 
 2.1629344381471225,
 1.880685580641682, 
 2.2309333944426246,
 2.6286862896267844,
 1.6044759390306838,
 1.969355448005128, 
 2.2578941125563174,
 1.9641345441863276,
 2.493395968983315, 
 2.228989298325488, 
 2.310521184159687, 
 2.485060556250025, 
 2.31565386551779, 
 2.349631642994711, 
 1.8897400171984133,
 2.144038905728867, 
 2.2241792505428837,
 2.1055612424836654,
1.6747964617564275, 



NN

1.8798448601348505,
2.0796620759546878, 
 1.644351445032138, 
 1.8798966033666635,
2.266522596221036, 
2.135233741755742, 
2.2420336330223147,
2.23358987943612, 
 2.264681356004121, 
1.9628297886301822, 
1.9716369815707209, 
2.066347576733698, 
2.0696690144758554, 
2.232286340252447, 
1.9432192342210854, 
2.676912771697848, 
 1.8714278363600363,
 2.2726372930813272,
2.399170428010321, 
1.8619961790165158, 
 2.3968952416775053,
 1.863279246957776, 
 1.834376414196199, 
 2.4078007070978416,
1.9973111877050387, 
2.053861480272729, 
 1.9795975597665816,
 2.5681957494818706,
 2.301817325660629, 
 2.2197687901831937,
 2.132251411412526, 
 1.6768391680557801,
2.1935009287802556, 
2.1168097845277116, 
2.3418552994800965, 
2.11908849338633, 
 2.715757738345634, 
2.2618563414514314, 
 2.040647523295844, 
 1.8031197204008287,
 1.9302916983408196,
2.018585984513473, 
 2.863067057163893, 
2.4609547627010517, 
2.964390215863492, 
 1.981158729757927, 
 2.3849515933932404,
 1.9938070074788985,
 2.165857904742591, 
 2.3766185170419867,
 2.281372476564352, 
 1.8711988847331626,
2.3751732423873846, 
2.2965919437442777, 
 2.4320321544297783,
 1.8339522358386542,
2.392113898866927, 
 1.952497655965302, 
 2.100120373405621, 
 2.117902845607198, 
 2.3058651318027894,
2.0081498327141807, 
 2.4473694611669945,
1.84881957488117,
2.2293507846146854, 
 2.199181753012254, 
 1.8950321929997664,
 1.904195643028171, 
 1.9537887163834853,
 2.5160767801219777,
 2.1721183217749553,
1.99021379143991, 
 2.2132196736327954,
 2.322791670845344, 
2.1858252062961543, 
 1.8830513591074691,
 1.6702214851959944,
1.8801197884568428, 
 1.9390308553649662,
 2.3500839619851193,
 2.228656038167867, 
 2.206714031585106, 
2.02167443269427, 
 2.558700661189034, 
 2.344505298030469, 
 1.8364701676377246,
2.1497240662450205, 
 2.325762541168404, 
 1.9838826197871882,
2.6359301479128243, 
2.3701031412898694, 
2.350041433389631, 
2.2658456844003427, 
2.520145123014751, 
 2.4858509472571777,
 1.9065667486048206,
2.282871997670795, 
 2.2193803239269903,
 2.133737485599367, 
 1.994926493046176, 