1.9577485144975242
1.885806642856708
1.9107994280559557
1.8959536531750651
2.3111975499674466
2.045738228904192
1.8705457491033735
2.1503462082978553
1.7589513750658208
1.877390541068933
1.9831360196113008
2.0037869178959995
1.8617557579263242
1.8575198100361292
1.8963628255378413
2.135225603308875
2.264285985838033
2.1479694111062346
1.9856244415364774
1.8524012608578941
1.890050443732036
2.0904444132317668
1.9933890964627243
1.9348386024285968
2.20795806803786
2.074428772643152
2.3191856445277983
2.1980044880526526
1.9035062562262253
1.928667029724348
2.1495351318196687
1.9150259820814612
1.936873646916698
2.026198364504084
1.7667223526275473
2.0435305131949457
2.0220168012342814
1.9214396282602366
2.01866945555051
1.9769181140948024
1.9129378579911782
1.9463850798575606
2.100439893583788
2.030209225914087
1.9427656065288825
1.8963921271131372
1.7328022805521717
2.138781588584803
1.765077630260174
2.195376492111868
2.033994732057622
2.1097829949661793
1.947133623591163
2.041524022622649
2.3716358651251124
2.190410414022741
2.2278742259719886
2.060279601282949
1.963448763841935
2.0357201431073677
1.9778731894472408
1.9690101332911263
2.328389379600909
2.2273039599762074
2.0201109935891672
1.8949114869886228
2.210678963192126
1.845284709876729
2.2241354951484342
1.9786329698611118
2.081127538253832
1.9541524889513668
1.8643601409214994
2.0277542181946915
2.2749811769691677
2.1700256070646855
2.011498247750184
1.9237514480496767
2.2808203626970265
1.8510421324779645
2.011499581553972
1.8400879976500801
2.0870604549601253
1.8077302030617846
1.9283334871436102
1.8666593463457188
2.21443365387815
1.9293176269848724
1.9851147134334413
1.9698340941671566
1.739351453518271
1.8316465759179947
2.0664427785809565
2.1123413145227627
1.9106704221416613
1.9994290069148182
2.1326501015274566
2.196339002080402
1.8697547502495964
1.8826081247859092
