0.14885951578617096
0.0023071912582963705
0.12849554419517517
0.002681559417396784
0.06448540836572647
0.022306010127067566
0.07803133875131607
0.15043406188488007
0.2440575659275055
0.007924554869532585
0.044419385492801666
0.0020140816923230886
0.006887683644890785
0.8855600357055664
0.7112482190132141
0.039409685879945755
0.011372105218470097
0.07936349511146545
0.975646436214447
0.0010764483595266938
0.01207152009010315
0.017600273713469505
0.9536309242248535
0.0024972669780254364
0.01315291691571474
0.12450934201478958
0.6290515065193176
0.006912068463861942
0.0014856160851195455
0.10591267794370651
0.10824444890022278
0.007166227791458368
0.004138622898608446
0.005328421015292406
0.08008181303739548
0.22916530072689056
0.012044645845890045
0.00907511729747057
0.05000871792435646
0.9209779500961304
0.00408936059102416
0.3192150294780731
0.3492663502693176
0.2566646933555603
0.41610172390937805
0.1895001083612442
0.050411466509103775
0.020755542442202568
0.07036396116018295
0.8804848194122314
0.6680096983909607
0.37049490213394165
0.007588016334921122
0.7581474184989929
0.10856850445270538
0.011820798739790916
0.0011754698352888227
0.0037684862036257982
0.19034428894519806
0.34311923384666443
0.008167041465640068
0.04156256094574928
0.36582839488983154
0.2935534417629242
0.033755507320165634
0.002891348209232092
0.019414464011788368
0.08452194929122925
0.0033915298990905285
0.16313405334949493
0.0574977733194828
0.04210739955306053
0.9143208861351013
0.00781128229573369
0.6161759495735168
0.7923977375030518
0.8042379021644592
0.01370241865515709
0.08261797577142715
0.8182780742645264
0.12264767289161682
0.09615775942802429
0.007302387617528439
0.03230706602334976
0.0014132296200841665
0.6954020261764526
0.03694549947977066
0.45200878381729126
0.12011382728815079
0.02924732118844986
0.0479738786816597
0.626431405544281
0.0010539181530475616
0.03338084742426872
0.017674971371889114
0.029315730556845665
0.016173003241419792
0.17304009199142456
0.07114879786968231
0.03085661493241787
0.006089799106121063
0.004744573496282101
0.0009970938554033637
0.0013964787358418107
0.05533237010240555
0.0010751053923740983
0.023053238168358803
0.00404310692101717
0.6622837781906128
0.6815475225448608
0.012515349313616753
0.004206945188343525
0.02407807856798172
0.0017091523623093963
0.0011342538055032492
0.2842799127101898
0.03289958834648132
0.04268766939640045
0.004724901169538498
0.25658372044563293
0.008435151539742947
0.001360782771371305
0.000751428073272109
0.035933006554841995
0.0009113533305935562
0.0030565133783966303
0.0020266224164515734
0.0008660569437779486
0.03297264128923416
0.00088469561887905
0.0033074927050620317
0.07072357088327408
0.005299780517816544
0.003472071373835206
0.01411356683820486
0.0019021002808585763
0.004446707665920258
0.018679996952414513
0.008425931446254253
0.039596930146217346
0.0008914531790651381
0.008027247153222561
0.014812757261097431
0.07959061115980148
0.08815230429172516
0.006860453635454178
0.0020925654098391533
0.002460095100104809
0.008905813097953796
0.0024765862617641687
0.0027066522743552923
0.0016622657421976328
0.0027675272431224585
0.002361543942242861
0.08974675089120865
0.010744231753051281
0.0034095386508852243
0.030783172696828842
0.0016173404874280095
0.03104500100016594
0.0009635413298383355
0.0010034345323219895
0.0013743927702307701
0.010268423706293106
0.05417248606681824
0.0012576895533129573
0.6685478091239929
0.6082706451416016
0.19873712956905365
0.010630807839334011
0.0012303302064538002
0.0015193454455584288
0.07824895530939102
0.003058129455894232
0.07629291713237762
0.15520578622817993
0.0008740278426557779
0.03859755024313927
0.006570857018232346
0.023183606564998627
0.010231166146695614
0.7140469551086426
0.07359912991523743
0.008104367181658745
0.0684923604130745
0.008035015314817429
0.00367641425691545
0.001955283572897315
0.5661816000938416
0.09095615893602371
0.0016358747379854321
0.6879242062568665
0.012210910208523273
0.0022034558933228254
0.013487028889358044
0.0027802714612334967
0.5572434663772583
0.018313100561499596
0.00526171550154686
0.001200368395075202
0.0014962977729737759
0.02219657599925995
0.36773359775543213
0.3352399170398712
0.1280820518732071
0.6006342172622681
0.031403977423906326
0.01906205154955387
0.10629897564649582
0.3323926031589508
0.4315958321094513
0.06358784437179565
0.026390891522169113
0.17100021243095398
0.09236717969179153
0.06957382708787918
0.29953208565711975
0.7235400676727295
0.0013586280401796103
0.23373830318450928
0.1364928036928177
0.35571014881134033
0.0009174782899208367
0.1872120052576065
0.11664555966854095
0.0057191671803593636
0.0935806855559349
0.007551796268671751
0.15166907012462616
0.03997629135847092
0.03327829763293266
0.004193116910755634
0.29108259081840515
0.008026711642742157
0.11724458634853363
0.0023108941968530416
0.2170465588569641
0.42537418007850647
0.3427501618862152
0.0912511944770813
0.10616587847471237
0.0013572553871199489
0.2094523161649704
0.012050509452819824
0.001910514198243618
0.28182992339134216
0.00958447065204382
0.3087626099586487
0.023318320512771606
0.005196644924581051
0.2724035978317261
0.002560045337304473
0.5483716726303101
0.36998263001441956
0.054513491690158844
0.23965270817279816
0.01957511529326439
0.15864871442317963
0.2683751583099365
0.4293432831764221
0.20917625725269318
0.3059137165546417
0.2627052664756775
0.001005113241262734
0.24788282811641693
0.3826030194759369
0.4127289056777954
0.042325299233198166
0.10054920613765717
0.010014563798904419
0.43628060817718506
0.2604551315307617
0.10714185982942581
0.38879290223121643
0.00602948572486639
0.17682123184204102
0.011185185983777046
0.8645797967910767
0.35783442854881287
0.016555607318878174
0.09088403731584549
0.09746018797159195
0.8520281314849854
0.09403509646654129
0.005418708082288504
0.4721767008304596
0.0020963368006050587
0.18845534324645996
0.11448975652456284
0.013765192590653896
0.1474362015724182
0.003940755035728216
0.0025604155380278826
0.3619705140590668
0.003972832579165697
0.5716738104820251
0.014538366347551346
0.0036313305608928204
0.25546330213546753
0.37153396010398865
0.0026292256079614162
0.43508878350257874
0.006303197238594294
0.4800713062286377
0.17300952970981598
0.10536988079547882
0.08552464842796326
0.0010981634259223938
0.010028935968875885
0.08986876159906387
0.005687352269887924
0.38809970021247864
0.03801456093788147
0.1638757884502411
0.03050645999610424
0.03452175110578537
0.8707568049430847
0.2894137501716614
0.020030861720442772
0.03152643144130707
0.29655522108078003
0.008505224250257015
0.005150384269654751
0.0016674044309183955
0.002927945228293538
0.005349097773432732
0.006720652803778648
0.1394389569759369
0.07301290333271027
0.08104360848665237
0.02170381508767605
0.05944832041859627
0.0021550580859184265
0.023965269327163696
0.0031651512254029512
0.025833215564489365
0.0037197431083768606
0.002083050087094307
0.019308438524603844
0.006440344266593456
0.013034995645284653
0.004531943239271641
0.4325743317604065
0.36179131269454956
0.24384604394435883
0.004016568418592215
0.010327767580747604
0.0030332952737808228
0.028866376727819443
0.011083913035690784
0.03149787709116936
0.001657721702940762
0.08137611299753189
0.016062792390584946
0.026727844029664993
0.13521526753902435
0.007947634905576706
0.0012045674957334995
0.0063264393247663975
0.002377250464633107
0.056094009429216385
0.021374812349677086
0.018924131989479065
0.2522786557674408
0.06260840594768524
0.0012758977245539427
0.001368704135529697
0.003225866472348571
0.03459547460079193
0.003184349276125431
0.05486622825264931
0.007182442583143711
0.005542989354580641
0.00919060967862606
0.33680933713912964
0.003894933732226491
0.2999629080295563
0.010040142573416233
0.004838314838707447
0.09029445052146912
0.0008302787900902331
0.0007486915565095842
0.0008467132574878633
0.002053323434665799
0.0024502258747816086
0.0074586947448551655
0.02088245004415512
0.7902087569236755
0.0074230763129889965
0.0008552060462534428
0.022780004888772964
0.0016066923271864653
0.013274436816573143
0.0007207123562693596
0.0012574016582220793
0.004208535887300968
0.023657510057091713
0.0009537997539155185
0.0055457185953855515
0.003289148909971118
0.0010316696716472507
0.0024064253084361553
0.0009166420786641538
0.0028830308001488447
0.0013831318356096745
0.0007739142747595906
0.0051252408884465694
0.00191676733084023
0.008347899653017521
0.9659120440483093
0.00988483801484108
0.008756519295275211
0.015559958294034004
0.0021560140885412693
0.002117856638506055
0.003669177880510688
0.0009520388557575643
0.025095760822296143
0.004877113737165928
0.00116751401219517
0.0032930749002844095
0.00125084666069597
0.0012802558485418558
0.003343694843351841
0.002165816491469741
0.0010675559751689434
0.057904064655303955
0.0030331944581121206
0.0010513844899833202
0.002889990573748946
0.0008673514239490032
0.001621851697564125
0.0007534850155934691
0.0020750861149281263
0.002757409820333123
0.0016903235809877515
0.00147730833850801
0.0010992661118507385
0.001133943791501224
0.024359319359064102
0.0035238955169916153
0.0024723573587834835
0.0018405268201604486
0.0018050461076200008
0.0024271588772535324
0.009498544037342072
0.0008451571920886636
0.00212314585223794
0.004056198056787252
0.8163393139839172
0.0800347849726677
0.86192387342453
0.00111829221714288
0.0049566118977963924
0.005216875579208136
0.0015547372167930007
0.9086143970489502
0.7143440246582031
0.05266556516289711
0.0015211203135550022
0.003299839561805129
0.0037993616424500942
0.008514298126101494
0.06740434467792511
0.6135282516479492
0.13277767598628998
0.5612688660621643
0.15087375044822693
0.015081514604389668
0.001014015288092196
0.5578786134719849
0.02037885971367359
0.052895210683345795
0.04723338037729263
0.011119249276816845
0.03776424005627632
0.0010522386291995645
0.11245013773441315
0.022380640730261803
0.003857404226437211
0.002005729591473937
0.0040225377306342125
0.5260935425758362
0.009036858566105366
0.0010825254721567035
0.061476677656173706
0.000796681793872267
0.0008815099718049169
0.002242718357592821
0.0029558080714195967
0.053512606769800186
0.055232398211956024
0.20869599282741547
0.1107410341501236
0.06022392585873604
0.000943910563364625
0.0013326952466741204
0.0009062030003406107
0.008591067977249622
0.03377722203731537
0.014677777886390686
0.001193166826851666
0.0048354617320001125
0.013795934617519379
0.03674142807722092
0.0010290791979059577
0.0010028701508417726
0.024052826687693596
0.0009077459690161049
0.02961636148393154
0.04404112696647644
0.05677901580929756
0.020174246281385422
0.028646843507885933
0.0014286733930930495
0.0013203268172219396
0.21553611755371094
0.02265007048845291
0.021652240306138992
0.0062186336144804955
0.0060188728384673595
0.11652377992868423
0.004603238310664892
0.0030716031324118376
0.00966274831444025
0.010699566453695297
0.006168322172015905
0.0017626456683501601
0.00170787307433784
0.0036367038264870644
0.00199764221906662
0.020813701674342155
0.005296767223626375
0.8701546788215637
0.14533916115760803
0.5550755262374878
0.6238663196563721
0.05935285612940788
0.0013888253597542644
0.017573129385709763
0.11399739235639572
0.027734018862247467
0.02641165815293789
0.29962414503097534
0.5454985499382019
0.2115778923034668
0.02783692628145218
0.07211849093437195
0.09591719508171082
0.046259377151727676
0.01682460680603981
0.010970167815685272
0.25202301144599915
0.10502342134714127
0.030654260888695717
0.07693924754858017
0.02050764672458172
0.32243582606315613
0.033810555934906006
0.4357752501964569
0.007049271836876869
0.3347771465778351
0.74598628282547
0.31136390566825867
0.006647117435932159
0.11115972697734833
0.006996300537139177
0.26026543974876404
0.002566748298704624
0.6242185235023499
0.39963042736053467
0.33007657527923584
0.1837366670370102
0.07285571843385696
0.8654506206512451
0.7221759557723999
0.430250346660614
0.020396437495946884
0.7803775072097778
0.029506761580705643
0.21815894544124603
0.15530744194984436
0.19356340169906616
0.3814849853515625
0.4984799325466156
0.73637855052948
0.32492774724960327
0.709264874458313
0.001712961820885539
0.06371607631444931
0.07320722937583923
0.5463160276412964
0.07402992993593216
0.12587803602218628
0.004923038184642792
0.3266737461090088
0.06452718377113342
0.5513325929641724
0.004518149420619011
0.03646368160843849
0.41583627462387085
0.6929622888565063
0.8899320363998413
0.016927001997828484
0.00848847720772028
0.003212968586012721
0.06759409606456757
0.004776548128575087
0.04272241145372391
0.7622922658920288
0.3917102515697479
0.05654894560575485
0.01013941504061222
0.2999038100242615
0.01405377872288227
0.27314993739128113
0.49777910113334656
0.012308608740568161
0.01224436704069376
0.1858377456665039
0.43913546204566956
0.10169223695993423
0.024999791756272316
0.2920234203338623
0.2531328797340393
0.20521071553230286
0.0719870999455452
0.11823801696300507
0.6411511301994324
0.009463472291827202
0.4744338393211365
0.05876542255282402
0.5208364129066467
0.10512099415063858
0.009410638362169266
0.1707444190979004
0.03623997047543526
0.003962360322475433
0.1540968418121338
0.00504348985850811
0.129166379570961
0.35724562406539917
0.8213210701942444
0.004014046862721443
0.23461991548538208
0.5460718870162964
0.012600697576999664
0.29005780816078186
0.7438173294067383
0.7819268107414246
0.8051945567131042
0.3175608515739441
0.268974244594574
0.02665182575583458
0.0010099977953359485
0.12520112097263336
0.01836094632744789
0.013807838782668114
0.028879329562187195
0.009437644854187965
0.020519547164440155
0.029115909710526466
0.36283743381500244
0.941470205783844
0.08969534933567047
0.001591673120856285
0.046125371009111404
0.2539510428905487
0.3204951882362366
0.31362640857696533
0.3667771816253662
0.9534576535224915
0.00799104105681181
0.0018636909080669284
0.9599111676216125
0.9544584155082703
0.5193518400192261
0.02065380848944187
0.6274546980857849
0.8365257382392883
0.06235085800290108
0.3615904152393341
0.021978778764605522
0.983516275882721
0.8579474687576294
0.017913034185767174
0.43354177474975586
0.9134529829025269
0.0926436111330986
0.5294078588485718
0.45204704999923706
0.6274808049201965
0.2532235085964203
0.2345840185880661
0.9443657994270325
0.6469093561172485
0.022961758077144623
0.8340654373168945
0.8416979908943176
0.8324919939041138
0.0029822050128132105
0.506156325340271
0.4222410321235657
0.20286549627780914
0.938994824886322
0.032612450420856476
0.64238440990448
0.2961592674255371
0.367789089679718
0.5246742367744446
0.0012768983142450452
0.004159708973020315
0.03051934577524662
0.263077050447464
0.24309995770454407
0.6473166346549988
0.16188238561153412
0.7142750024795532
0.0010648820316419005
0.0008725641528144479
0.006939071696251631
0.41495275497436523
0.00241850595921278
0.0011027844157069921
0.10469631850719452
0.15809237957000732
0.0318981297314167
0.025562435388565063
0.3265448212623596
0.05932121351361275
0.0037809000350534916
0.06963445246219635
0.10775499790906906
0.06841327250003815
0.008755997754633427
0.05562993884086609
0.6007240414619446
0.0658356174826622
0.0009368517203256488
0.02763434499502182
0.028749575838446617
0.028829025104641914
0.19819051027297974
0.7449864149093628
0.024097338318824768
0.028920749202370644
0.2259131819009781
