0.3597385287284851
0.015528807416558266
0.08775371313095093
0.05278777703642845
0.013760149478912354
0.04581315442919731
0.01616484299302101
0.23616893589496613
0.31821557879447937
0.008313050493597984
0.06040364131331444
0.06129654124379158
0.0008023484842851758
0.6415920853614807
0.5668412446975708
0.01289670355618
0.048325829207897186
0.006748267915099859
0.9130707383155823
0.08459922671318054
0.07343988120555878
0.1925649642944336
0.9261687994003296
0.0024613826535642147
0.03736099973320961
0.1759187877178192
0.31637683510780334
0.06625170260667801
0.08622339367866516
0.2786232531070709
0.34794482588768005
0.004589505027979612
0.12063755095005035
0.0005539115518331528
0.048789385706186295
0.02266664430499077
0.32808125019073486
0.028516991063952446
0.10670649260282516
0.5715156197547913
0.01220858097076416
0.7034313082695007
0.7904860377311707
0.8133386969566345
0.36627820134162903
0.1380312442779541
0.10249172151088715
0.009076802991330624
0.07483822107315063
0.6848055720329285
0.7603520154953003
0.25950852036476135
0.09477376192808151
0.6827404499053955
0.07504411786794662
0.03999454900622368
0.028551755473017693
0.03241245821118355
0.106089286506176
0.5328556299209595
0.0016595820197835565
0.03776402026414871
0.10058900713920593
0.27894148230552673
0.023623159155249596
0.020534351468086243
0.005221998319029808
0.27447646856307983
0.016963427886366844
0.004436835180968046
0.016359252855181694
0.2350735366344452
0.36890673637390137
0.20860956609249115
0.4633846580982208
0.9726961255073547
0.6096145510673523
0.11843084543943405
0.1293870210647583
0.48009029030799866
0.1881033182144165
0.3571476936340332
0.28700733184814453
0.1646331548690796
0.10256264358758926
0.29164624214172363
0.10919967293739319
0.22930265963077545
0.09862491488456726
0.05595943704247475
0.47085970640182495
0.6272051334381104
0.12557411193847656
0.09325069189071655
0.04514862224459648
0.1953219324350357
0.0059012421406805515
0.06487333029508591
0.4004708230495453
0.04085204005241394
0.005643101874738932
0.0019451642874628305
0.058445535600185394
0.0060233138501644135
0.0006587874959222972
0.00423105712980032
0.05922814458608627
0.0031101482454687357
0.9070744514465332
0.6140053868293762
0.04877464100718498
0.06477893143892288
0.388825386762619
0.0027714730240404606
0.009867100976407528
0.012744365260004997
0.03384213522076607
0.1516808122396469
0.00014308607205748558
0.022873202338814735
0.01295621320605278
0.006374032702296972
0.0004804387572221458
0.047334615141153336
0.01262018270790577
0.15113665163516998
0.0020291467662900686
0.001542288693599403
0.01749541237950325
0.0021571579854935408
0.04508486017584801
0.028695590794086456
0.0817781537771225
4.058149716001935e-05
0.023477032780647278
0.007656405679881573
0.026187991723418236
0.011552827432751656
0.003959015943109989
0.03204137086868286
0.09655533730983734
0.009143474511802197
0.2394723892211914
0.06877214461565018
0.04862397164106369
0.001923846430145204
0.08998030424118042
0.0011508578900247812
0.5489342212677002
0.15961696207523346
0.001976488623768091
0.0008381902007386088
0.007893787696957588
0.0011875219643115997
0.1290159970521927
0.06605932116508484
5.3696276154369116e-05
0.00715628731995821
0.000789495010394603
0.09718523919582367
0.0012655183672904968
0.0006422106525860727
0.0028234124183654785
0.07385309785604477
0.16608361899852753
0.002999696182087064
0.014880038797855377
0.796088457107544
0.7391676902770996
0.00023240878363139927
0.022859672084450722
0.00345440162345767
0.06572291254997253
0.008027159608900547
0.003411677898839116
0.027721723541617393
0.00019313306256663054
0.03149980679154396
0.0008691205875948071
0.025194767862558365
0.01236930675804615
0.11976160854101181
0.03902935981750488
0.0010065448004752398
0.018920842558145523
0.08355338126420975
0.0017026811838150024
0.023027930408716202
0.4025610685348511
0.22127795219421387
0.0009369445615448058
0.34485161304473877
0.614776074886322
0.020687544718384743
0.0003297765215393156
0.1045026183128357
0.011689368635416031
0.018772214651107788
0.03270498663187027
0.0015085369814187288
0.0010162265971302986
0.00424667913466692
0.4812060296535492
0.03264427185058594
0.146998792886734
0.5700457692146301
0.0021226683165878057
0.4065115451812744
0.18464651703834534
0.29576122760772705
0.045140985399484634
0.13402590155601501
0.015083704143762589
0.2093392014503479
0.040349338203668594
0.39169904589653015
0.21598529815673828
0.2241627424955368
0.005592828616499901
0.293510377407074
0.20244845747947693
0.011160789057612419
0.07106830179691315
0.21054671704769135
0.3625987768173218
0.11963772028684616
0.0859643891453743
0.2331007868051529
0.07723557204008102
0.0727909728884697
0.15493132174015045
0.09322026371955872
0.3109282851219177
0.12403673678636551
0.31053847074508667
0.12071338295936584
0.10526230931282043
0.13278327882289886
0.2599593698978424
0.05209416151046753
0.1338958442211151
0.014016654342412949
0.18709607422351837
0.1748276948928833
0.043998800218105316
0.2770385146141052
0.26544061303138733
0.2744230628013611
0.047724250704050064
0.04606198891997337
0.16518867015838623
0.13604293763637543
0.2160819172859192
0.5383911728858948
0.23956522345542908
0.24734003841876984
0.24271000921726227
0.2506351172924042
0.13060574233531952
0.37558138370513916
0.18673314154148102
0.3581714928150177
0.5765231847763062
0.021827345713973045
0.15273959934711456
0.13825838267803192
0.1658870428800583
0.041407208889722824
0.05618877336382866
0.1527753472328186
0.2447909116744995
0.17020197212696075
0.14950083196163177
0.0763106420636177
0.1189703643321991
0.14430175721645355
0.08616232872009277
0.475839763879776
0.14965137839317322
0.08317331224679947
0.34967419505119324
0.08644930273294449
0.5394128561019897
0.08122007548809052
0.1361929178237915
0.10234984755516052
0.061632461845874786
0.17688359320163727
0.06467625498771667
0.2572040855884552
0.26710304617881775
0.2235390543937683
0.05409972742199898
0.5356295704841614
0.16157212853431702
0.4898930490016937
0.06338352710008621
0.03405174985527992
0.6413780450820923
0.23061487078666687
0.1087062656879425
0.5810224413871765
0.17362038791179657
0.5583392977714539
0.37494999170303345
0.014148149639368057
0.006577958352863789
0.0852469950914383
0.2378714382648468
0.23130203783512115
0.0012372661149129272
0.10926752537488937
0.09342969208955765
0.2870939373970032
0.18833550810813904
0.05669253692030907
0.8196518421173096
0.056423332542181015
0.36683282256126404
0.376926451921463
0.0017300046747550368
0.000988077954389155
0.00020710813987534493
0.0032715718261897564
0.00279976986348629
0.009926704689860344
0.22106364369392395
0.08383329212665558
0.11271881312131882
0.0176846943795681
0.13102968037128448
0.2023298293352127
0.000855478341691196
0.1430140882730484
0.04889018461108208
0.0011616966221481562
0.08243399858474731
0.0020923265255987644
0.07943370193243027
0.006005070172250271
0.009937920607626438
0.023490270599722862
0.6154414415359497
0.8499484658241272
0.47315138578414917
0.019560644403100014
0.003652767976745963
0.002226229989901185
0.1390896439552307
0.03449379652738571
0.002303993795067072
0.031096916645765305
0.31474775075912476
0.07861730456352234
0.009988510981202126
0.0014664109330624342
0.008177701383829117
0.005555394105613232
0.0142262177541852
0.008819575421512127
0.027500955387949944
0.14948461949825287
0.0017346537206321955
0.0705668106675148
0.040011197328567505
0.02247585728764534
0.01497850101441145
0.007105324417352676
0.041294049471616745
0.006876716390252113
0.05534932762384415
0.03683513402938843
0.0026746895164251328
0.005906161852180958
0.20464199781417847
0.04842256382107735
0.07059769332408905
0.0017603985033929348
0.007467135787010193
0.04677290841937065
2.263048736494966e-05
1.1225449270568788e-05
0.00011335634917486459
0.001608968828804791
0.0018349007004871964
0.00016270630294457078
0.00047171860933303833
0.8352250456809998
0.042818207293748856
2.0248349756002426e-05
0.004846060182899237
0.0019161314703524113
6.593817670363933e-05
6.272048631217331e-05
0.00010932765871984884
0.017386863008141518
0.012717336416244507
0.007162680383771658
0.011349936947226524
0.0007708776975050569
0.00039418236701749265
0.0009581078193150461
8.294172585010529e-05
0.0067753600887954235
0.00041930077713914216
0.00010113938333233818
0.006424148101359606
0.00016928173135966063
0.0023515084758400917
0.8870996832847595
7.16888825991191e-05
0.04343229532241821
0.000249007367528975
0.0004531796439550817
0.00011478857777547091
0.0005464654532261193
3.087165896431543e-05
0.0010022417409345508
1.013985001918627e-05
6.062596003175713e-05
4.2663981730584055e-05
0.0013399190502241254
6.217126065166667e-05
2.667193803063128e-05
0.00015668146079406142
0.0022498660255223513
0.0008623915491625667
0.002341096755117178
0.0024760926607996225
0.008253741078078747
0.00017233409744221717
0.00953769963234663
4.105717744096182e-05
0.0076242005452513695
0.001990518532693386
0.0017679258016869426
1.3235451660875697e-05
0.0003584598598536104
0.0014506576117128134
0.03591705113649368
0.002358465688303113
0.0014333506114780903
0.002022609580308199
3.997412204626016e-05
0.07607350498437881
0.0012666729744523764
0.029015082865953445
0.005734190344810486
0.002421771874651313
0.24528062343597412
0.05531124770641327
0.8632248640060425
0.000977328629232943
0.004625053610652685
0.01257247757166624
0.004732958506792784
0.24845145642757416
0.29923000931739807
0.0277200136333704
0.2048235833644867
0.004346746485680342
0.017079120501875877
0.000980948912911117
0.041433464735746384
0.5469744205474854
0.5314769148826599
0.6488738656044006
0.011223956942558289
0.032987721264362335
0.00041288783540949225
0.15592744946479797
0.0021929980721324682
0.029263293370604515
0.07701308280229568
0.07503006607294083
0.03431195020675659
0.0038455678150057793
0.02994571067392826
0.3091716170310974
0.0004917724872939289
0.0014142482541501522
0.02571941539645195
0.015646513551473618
0.012455998919904232
8.793101005721837e-05
0.0344921238720417
0.0006141754565760493
0.00013212385238148272
0.03650371730327606
0.005111420527100563
0.006556374486535788
0.1315920501947403
0.07639070600271225
0.01085764728486538
0.21562689542770386
0.0010173629270866513
0.03411185368895531
0.019167225807905197
0.12713439762592316
0.040351685136556625
0.001625233213417232
0.0019873050041496754
0.0019416651921346784
0.2000310868024826
0.0005234380951151252
0.0001406777009833604
0.00042757336632348597
0.198185995221138
0.0018398234387859702
0.012319154106080532
0.0045023406855762005
0.03529913350939751
0.11075134575366974
0.005620156414806843
0.00018034825916402042
0.0010524652898311615
0.04179674759507179
0.15383854508399963
0.005194446537643671
0.007702973205596209
0.02550232596695423
0.5195069909095764
0.021952733397483826
0.0006751611363142729
0.002183640841394663
0.004132080357521772
0.0036901768762618303
0.004022222012281418
0.00015925365732982755
0.012208628468215466
0.0006860946305096149
0.11263103038072586
0.145590141415596
0.876475989818573
0.18302087485790253
0.6020241975784302
0.7984896898269653
0.32318583130836487
0.1004534512758255
0.18855082988739014
0.3336718678474426
0.0068583618849515915
0.3803042471408844
0.3378593325614929
0.5397192239761353
0.8249029517173767
0.31224772334098816
0.09555944055318832
0.12551291286945343
0.053713031113147736
0.2419951856136322
0.052236054092645645
0.13114504516124725
0.07371935248374939
0.1934327781200409
0.4018283784389496
0.14675015211105347
0.4780542254447937
0.1447017937898636
0.2877652645111084
0.1236649677157402
0.14502650499343872
0.6811291575431824
0.225653275847435
0.020070131868124008
0.16348785161972046
0.057550158351659775
0.12148690968751907
0.3710489273071289
0.42806148529052734
0.22190962731838226
0.5073854923248291
0.2866443395614624
0.020077774301171303
0.30988651514053345
0.5372746586799622
0.24396370351314545
0.03672528639435768
0.592613697052002
0.7272803783416748
0.03980809077620506
0.2820618450641632
0.09316237270832062
0.8179784417152405
0.7522876858711243
0.9386781454086304
0.6391095519065857
0.6545095443725586
0.11899949610233307
0.2635699212551117
0.46476083993911743
0.33897891640663147
0.41799187660217285
0.3294951915740967
0.20031309127807617
0.3121121823787689
0.6323782205581665
0.7535072565078735
0.016370858997106552
0.436732679605484
0.6407992243766785
0.8111213445663452
0.8218667507171631
0.47854551672935486
0.005715651903301477
0.01846691407263279
0.38269591331481934
0.18437616527080536
0.648608922958374
0.88838130235672
0.10823138058185577
0.01296984776854515
0.13970988988876343
0.2992888391017914
0.10763982683420181
0.43198052048683167
0.7397950291633606
0.06863021850585938
0.2780619263648987
0.2279919534921646
0.6373386383056641
0.10124760121107101
0.06404005736112595
0.43882831931114197
0.30254819989204407
0.11826184391975403
0.12821508944034576
0.4654581546783447
0.609060525894165
0.012076321057975292
0.7475460767745972
0.22345425188541412
0.7288730144500732
0.36268875002861023
0.29147717356681824
0.6026609539985657
0.31324827671051025
0.21014392375946045
0.1207805797457695
0.06391644477844238
0.3646709620952606
0.8365080952644348
0.7414174675941467
0.00725076487287879
0.3396787941455841
0.7539258003234863
0.24354997277259827
0.2588503658771515
0.8338582515716553
0.19027572870254517
0.336963951587677
0.33307164907455444
0.4865814447402954
0.026943324133753777
0.15497931838035583
0.182493656873703
0.037205297499895096
0.3319604992866516
0.3655681908130646
0.13336823880672455
0.0792849138379097
0.2457813173532486
0.47306501865386963
0.8657342195510864
0.6825146675109863
0.011041038669645786
0.09244849532842636
0.5360953211784363
0.07517640292644501
0.31346097588539124
0.6276752352714539
0.5779417157173157
0.0531800277531147
0.0032356586307287216
0.9221855998039246
0.8705745935440063
0.38875681161880493
0.014245321042835712
0.8807114362716675
0.7462134957313538
0.34477367997169495
0.5979486703872681
0.15757782757282257
0.9495925903320312
0.42680197954177856
0.10732719302177429
0.6915837526321411
0.1066567599773407
0.21915465593338013
0.6402361392974854
0.4518025815486908
0.7918362021446228
0.22981175780296326
0.08537127077579498
0.6635202765464783
0.3898662030696869
0.5525336861610413
0.796821653842926
0.42998671531677246
0.7528536915779114
0.012231004424393177
0.3711443543434143
0.43880608677864075
0.02781253308057785
0.7768134474754333
0.4464382827281952
0.23071545362472534
0.10581015795469284
0.24206283688545227
0.4277729094028473
0.024952540174126625
0.04252570495009422
0.2126956731081009
0.20862877368927002
0.5848463773727417
0.4548267424106598
0.6330643892288208
0.46163123846054077
0.1876123547554016
0.24485445022583008
0.19682663679122925
0.4179936349391937
0.08051098138093948
0.049074091017246246
0.0978766679763794
0.06300581991672516
0.20795662701129913
0.12464749068021774
0.46636444330215454
0.3160827159881592
0.28662174940109253
0.27462178468704224
0.038696058094501495
0.17860674858093262
0.005142162088304758
0.0940643697977066
0.4107094407081604
0.027388300746679306
0.034571707248687744
0.04151523858308792
0.4740717113018036
0.37945556640625
0.43024224042892456
0.6563049554824829
0.06228882819414139
0.2894095182418823
0.07836680114269257
