
0.7668657836252342
0.01755004304908266
0.0006263544226100156
0.0005246674893196515
7.809664160717369e-05
0.0011133355178756879
0.027221579216302128
7.514184812175339e-05
0.00440698693861793
0.0022219977355219076
7.931388030315524e-05
3.0292539451895466e-06
1.1249708641455887e-06
1.286933070298057e-05
9.28519879135668e-05
0.0034950990412350555
5.5407058815605306e-05
6.20792889350553e-07
0.9998269324335468
0.000325069396510017
1.7293518322392455e-05
0.00029686647024508795
0.9981834314813417
0.00029343408430676027
0.00016272914906322462
0.0002870467080669097
0.9999926514216658
0.0009333152096598377
4.936269315175056e-06
0.032079340476574764
0.002161391595110838
0.00021212794387290835
2.45160574040599e-07
9.045678140067248e-07
0.008319399861091387
0.00030832033760823396
3.2152842434848756e-06
0.027628584325305804
1.1985112166893775e-06
0.0004964487922327316
4.5997809754630096e-05
0.999799114294468
0.9997607414021328
0.9996117429586002
0.9975479239515691
2.9176590937758037e-05
0.003701364953334398
9.563426831717909e-05
0.0002651322750767354
0.9999889712680397
0.9987460412448843
0.00019018089583639495
0.06524854901798627
0.9996846688469253
0.010839304045361785
4.512559875568795e-05
2.812968724151229e-05
0.011347272347018642
0.999988544758475
0.9996029213611153
1.674645510552626e-05
0.00019522309814154416
0.0008575077957959698
0.9174756721202888
2.2637321397062767e-07
0.001258926863516019
0.0001543780761509259
1.319997938142208e-05
0.0002025052215936828
2.7696668083164816e-05
0.0037264072345387367
0.0003869948092923904
7.171584133238111e-05
1.6163682612658536e-06
0.9999460311209982
0.9998837625455113
0.9974051331330911
0.0008521046951415299
4.1815803138462714e-06
0.9998899690421498
0.0003698867530485663
4.347674787056614e-05
0.004377100033918902
8.730573470130986e-05
2.9272416362900023e-05
0.9999940526907022
0.0017085084125342683
0.999935226411186
0.00011920082406598115
4.620111548925562e-06
0.009728463138995357
0.9995510647785579
3.646433000962639e-05
9.28578930198863e-06
2.708893190254719e-05
9.022652668024929e-05
1.7552002407431873e-05
0.00014266422848382079
0.001325340477878602
0.0001055544930210842
1.3144111088641817e-05
2.5651258342667604e-05
0.00044254013932071913
0.0006220891290879206
0.0024201092986206136
0.006676625220637034
1.4926325294355848e-05
0.00023769141277798462
0.9663063412053006
0.9891134130643459
0.00030951111913436285
0.00918434783557745
8.829522014586635e-05
0.0761568105866716
0.0007371213384490465
0.00693291871989055
0.03661745204386091
0.0033038728689064427
0.00013071159552720742
0.00012783531581142174
0.00025832641698955407
1.0617967603121786e-05
5.98904984126045e-07
0.00011154330629077154
2.873677390805914e-05
0.0030020191283034146
0.00024618213328366623
0.08216203503902825
0.17308799922357102
0.002686301393938778
2.367541242626859e-06
0.012171255186934585
0.010114111128434002
0.00031068848359487263
0.00012562231553100276
0.007735411461411157
0.0003028970832703266
1.0194155018907205e-05
0.003152069386153386
1.773166965640364e-06
9.140220706498123e-05
0.0007916322545680228
0.026185914772504197
0.0005792695856140412
0.00220844220277445
0.000638355676301011
0.006848300826959708
0.0006069169423368892
2.1819698619397916e-05
0.14037890423261404
0.0034412269277142716
2.965564306381911e-07
0.0003735562253082861
0.004860441809802457
0.002270278027257468
0.011301218174736838
0.05501996216205499
1.115261655677727e-05
0.001794380122325851
0.00022398397570408697
0.0001326646549696742
0.009534453016703784
2.041891729053791e-06
0.0004889462738905017
0.0006654899552853181
4.3785606195643157e-05
0.22468356007351986
0.9999555619652305
0.9999920749995787
1.3526696835855795e-06
0.007608758984065567
5.5739588781177604e-05
5.434760678962164e-06
2.7117239192865748e-05
0.0036635743157171505
0.9999304079262396
0.0005637157045815694
0.0009624764903146954
2.650394844796641e-07
0.004863301342988829
0.035960080852947926
0.9999582454463511
0.009760341829180395
0.000341012591703844
0.16504913391117434
0.0019040801124757774
7.703303667109712e-08
0.0047384205704199866
0.9989487899200923
0.00010067435252771585
0.0021814952066633257
0.9237822518874916
0.006339472443619305
0.002377086861581067
1.2094659844454471e-05
0.0010765897391248032
0.003171003028020387
0.005533410443774946
2.2343104487369453e-05
3.972898758877188e-05
0.002589993945443492
0.0017646021598141587
0.9972182051909435
0.06108670537581396
0.004172454282979829
0.9999590090837454
3.548371360250424e-06
0.0011237083224832052
4.4873964934581554e-05
0.9925144770399291
0.9995072132217666
0.00045873608158747344
3.4906747715230403e-05
8.876636228988876e-05
0.0009117256425344891
0.003529120299552763
0.0022267503758702355
0.9966839175675299
9.859171198283244e-07
0.003214181402950095
2.7752338894526304e-05
1.7134322525488334e-05
0.02453004522913388
0.9999888692803406
0.0025133618203629932
1.1861545318087298e-06
0.0005770896202411716
3.5418821349628627e-06
0.11236600112634959
3.1878845428088514e-05
4.505347354908353e-05
7.517597918269312e-05
0.11520427456070288
0.001266819009058308
1.3968489165508605e-05
0.00012610600116079072
4.8529716876379685e-05
0.0011536347148331846
4.737202514896331e-06
8.356343782518995e-06
3.2611006835441107e-06
2.5230723535487384e-05
9.75504005386966e-06
6.930866125615984e-05
3.0356637586745927e-05
0.03765118078722715
0.002145594323753104
0.21016569762905665
2.3737784366038527e-05
5.727694783141831e-05
1.213194937891631e-05
1.1463004598902585e-05
0.00014283209059318374
0.999995978317685
5.5862749696181255e-05
1.8880301231124628e-05
0.00025021639832919487
8.779925646212267e-05
2.749700552183836e-05
0.000568027633231857
0.00053089143455896
8.620591280020667e-06
0.9995219787805315
0.0012498040996751488
5.77370944878307e-05
0.997759513715468
2.669934068805594e-06
0.006162811240831608
2.397286947941665e-05
0.0001587143078950919
0.9862861231034058
4.747099011196253e-06
0.012005112718009536
0.003750686471021094
0.00392007552351887
8.104654024583444e-06
0.00023782977580259738
0.8363838247013804
6.058999207254486e-05
0.026537333822639494
0.8647881282222717
0.9992667746475518
0.998016589159492
1.2022689215444225e-05
0.0013789549845379956
0.9999508973002182
0.0006624716773040978
0.14254394865002573
0.8746674934833946
0.00048546055683725605
0.9998122632422719
9.892972118489511e-06
0.001912586475517668
0.00011781777330030591
0.00011160203747273865
0.9824076677186616
0.00017866059480997168
0.0007292554585346917
0.9914045632724032
1.821922213068642e-07
0.001277229182119307
0.9999847107524426
8.60299057109318e-06
0.9999409833839435
8.352090423604745e-05
0.001158338997951077
0.010624409899872832
2.5353920716441635e-05
0.00020821738561797312
0.9998691419753236
0.0007095917499694477
0.00013734600721277033
0.003880228275922708
0.0023629304043821164
4.409784283351929e-06
7.23418268765177e-05
0.9919206826503165
0.9913983325503194
0.00011391640211404207
3.3027791272483816e-05
7.726277111234954e-08
6.716993763491087e-05
1.1416464865048369e-07
0.00029323614425063856
0.0010060669960596754
4.417411244020263e-06
0.0017113912353911636
0.1026811076183204
0.00011571897012064848
3.1488682853992503e-06
5.22191366511973e-05
1.1557983664745174e-06
0.00018719913161292995
0.0002892047778799585
0.002743700169869178
7.369097086264295e-08
0.002777691142502253
0.0011734785126324063
3.944823550873745e-06
3.0700630362510034e-05
0.0008133751981491764
2.465090528843244e-05
0.9993197715690012
0.9992538975280758
0.9998913268261924
0.00140577728802108
1.9575274244699943e-06
0.0005202326626987535
4.003729172127399e-05
4.678824600415748e-05
0.002560067443565575
3.961062614324053e-06
0.9988854884353211
5.7240898954781925e-05
3.818263327954273e-05
1.4152638886101649e-05
3.9375916806358446e-05
0.00015375074421726209
0.0002209014837904784
6.863671162311701e-05
3.3734044908778694e-05
5.7744425491877485e-05
0.010482284313258015
2.0628403757883125e-05
2.0367838392062697e-05
0.0018091984955512595
1.4237154790544614e-06
6.579209753989108e-08
0.0003894149470130513
1.5943741067785108e-06
1.5582028223771262e-05
0.022404573321225342
9.048125652880335e-06
0.0003464592809926132
0.9999329108717037
0.00426849122993414
4.660480981761364e-05
3.1022505646082184e-05
1.3117588702158324e-06
0.0047501558056250075
5.6713599612117544e-05
6.042824414249685e-05
5.355992513408221e-05
0.00031242115268413623
0.010258371024323362
0.00017619880747243
0.00016013941913072829
0.9979608890050335
4.82361132963965e-05
7.247122108197063e-06
3.870414496140155e-05
4.5862174454731527e-05
5.080040177611486e-07
0.0007418357668057262
0.006794035894675657
2.9171628868122555e-06
0.01522858246990901
0.0018716992892725461
0.019636844127474823
5.062270643919889e-06
0.00020213202680048408
9.199354686559223e-07
1.4884117134579772e-06
0.0004553813298985793
4.901861419003178e-05
6.799077792413847e-07
0.005226645491198647
0.0006829938430610808
1.3511586233050869e-06
0.998558848088122
2.5439332830290663e-05
6.849355489692582e-05
3.100762397369762e-05
0.0027187266421291206
0.0002517741793655629
2.2325514876743207e-06
1.3767785896961246e-05
0.0012880702975631045
4.059808624083819e-06
0.0018117972759514218
5.980931255077169e-05
0.00022862297631619623
1.1672965924020277e-05
1.6907321426853815e-05
1.1657052665097305e-05
5.28694862450806e-05
0.0012427958932501215
0.0003955625304186778
0.0012046371716262412
0.0033945652832010685
0.00020288173561014
5.7075301779199e-05
5.584981623790138e-05
0.005559512529549331
0.00033026607676169483
0.0002357428619259427
2.1810385030260107e-06
1.5968876693245398e-05
0.00018463867417174842
0.0015159173929030134
2.8102730892602916e-06
1.780584312024236e-05
7.345531356774541e-05
0.0003986478555009573
0.00010428854168107028
1.9913927964013503e-06
0.2243530007559952
6.360106699501454e-06
9.182046739362657e-05
0.9993825173647964
2.8976523148624384e-05
0.9999287505053706
0.0004156072613305315
0.001182715617328411
8.804534594679174e-05
2.82187150450291e-05
0.9999602996763848
0.9939185448193051
1.4490023386771813e-05
0.0006651029444527243
1.7732189923860607e-05
0.0002301025702114145
6.546339876784257e-05
6.316605099231867e-05
0.9999958386627614
0.0071926584631469065
0.0608114975446388
6.48912929974965e-05
0.0015623040215407339
1.2127956064714563e-05
0.9992611059725547
2.9793707835801043e-06
0.002413460960112074
0.009517994045871014
0.08098129422194497
0.00035318765618570867
0.0022685878597545877
0.017494410239823868
0.0427693762573605
1.5522251131340158e-05
0.000227534190832173
6.4677750325358e-06
8.306546659158086e-07
0.00012021008309962082
7.029871099508776e-06
8.159102453064485e-05
8.169531750644893e-05
0.00017516857652385493
1.4776725636725437e-06
0.014520334511031284
0.00012554779692207208
9.419351660595011e-05
9.151846020288905e-05
3.343917907478248e-05
0.030028569700625323
6.986316525644639e-07
9.98953114358759e-05
1.0542121426193314e-06
0.0037647269036382644
0.005484750888791057
0.0020855830846990575
0.0007323321310679177
7.730126712840614e-05
0.0016033299325768126
0.014734866517902751
0.002149729171080788
0.01973247597941431
1.2796727142311565e-05
4.381648684884007e-06
0.0005946862593907973
4.335737131461116e-06
0.0003436209041300454
0.0007775110566273391
0.0006386299117268787
2.941737261986626e-05
0.0010674892251730402
0.052082053669088586
0.0036266158757888283
0.0025200332904249303
0.0032628994002661255
8.911550107090579e-05
0.9673032896197757
1.388150437979898e-05
0.0004274004521100533
0.20899493453400322
0.00010738478090832059
0.011966350786351965
0.01043212364960964
0.00022393167683780246
0.002824766575163927
2.1103349183269933e-05
2.651199538344988e-06
1.11267226424266e-05
0.9714479907099098
1.3772301389303452e-05
0.9989199069147013
0.9999668962692237
0.0019238534264218008
0.0068264008697082774
6.394584257146239e-05
3.9910814360644995e-05
4.351354402413187e-06
0.0025373638423274725
6.250850399874349e-07
0.9978414487091435
0.9946739330242872
0.0006513630509798834
1.494890672620416e-06
3.836339631188045e-06
5.893723159823541e-06
5.274691685481316e-07
3.3930060126340185e-08
1.814868689425988e-05
4.495841425528892e-06
1.5351270481384355e-06
2.076968876518094e-05
0.006308746246211058
0.0013732109981726217
8.727165795790872e-05
0.9930114104225316
0.00032511304745608044
7.434592168550647e-05
0.998013875929061
8.373113538526293e-05
3.463436282602149e-05
1.2981300190410984e-05
4.804476017200649e-05
0.0016302180704713255
9.768899895923273e-06
0.9976060098345315
1.086881364254215e-05
0.00047069915229653144
0.02372426380134857
4.190582909618838e-06
0.9999726469543809
0.999267910782656
0.004312965186780727
0.5752617530348096
0.999158489053285
0.9997071233262342
0.00014361056951450437
0.9870922848138257
0.0004501737630737091
0.9998123501232775
0.9999616719915735
0.9998455443732048
0.9989355494250253
2.0655062294787873e-05
1.706592517440269e-06
6.966250495092551e-06
0.00012981608658406464
0.9992127878363374
0.9986717393896314
7.566901644813525e-06
0.10093105153654454
1.786599869496464e-05
0.021709730341188317
0.9998541757839561
8.173473716808337e-06
6.160898375138432e-05
0.9999875720715226
0.9999393023738223
0.999622897276707
1.1015264729248343e-05
1.2974307075682634e-07
6.742126221591436e-05
0.9986858206672795
2.0850638590229038e-05
4.815503533535965e-06
0.9981717222396459
3.4583136906383966e-05
2.283451125571885e-05
0.15241845762828812
0.9983297367867227
0.0028039882671311456
0.00011094021934853286
0.0004743674905709822
0.6184785459749105
0.00018826127474441218
2.1944847934596156e-05
0.9999949041555259
0.00018005542102291332
0.025514575033237983
2.5454023120766376e-06
0.9999540048255979
0.0001290121109724767
3.0440347550334673e-05
0.8254755543912812
0.999965725970307
0.0004833833733832153
0.9999026038041665
6.700797030282236e-05
0.5243317063176546
4.2388742291163423e-07
0.0014985723277394715
3.2767953202886654e-07
0.006713953806874155
0.0020137851525271204
0.9996484928037971
0.000288509710429096
0.9998452466317398
0.9999017803141919
0.9998730810415499
4.9502621912632546e-05
0.0005643950524276244
0.9999503878945214
4.603931610127349e-06
1.8208910995378935e-05
0.6974991497395553
0.9999209134998207
0.729219001391704
0.007148148207803445
0.9999553156339223
0.0002930162755489445
0.0002492097817895325
3.074859520930023e-05
0.4422799124074606
0.00017332032593489922
5.575686721585682e-05
1.1010265707853844e-05
0.006216258848953632
2.3235593451296507e-05
1.4007185372228127e-05
0.9988802391757087
0.0009371563325846065
4.0557489101794276e-06
5.935056413379935e-07
0.9997633637781406
0.08781541803216901
0.00013932375901526644
0.00025108965627083576
0.9999479318150111
4.244884579489807e-05
0.04331709930507627
0.9748465094350012
0.9997362437184442
0.9999909949991702
6.528499756465632e-05
0.9998405572671034
0.9982482590265254
4.2581484256542293e-05
0.7440133194660868
0.00085213908789959
0.9739468543018597
0.9999809675476945
7.074183652213062e-05
0.9999932817156689
0.0010417701734734416
0.9999805427930597
0.9992563435191699
0.981232822135904
0.3953062600642665
0.00017890082078364413
1.0303522330115047e-05
0.999891115738719
0.999875886731774
1.756826856872607e-08
0.9641542016474868
0.9999929588783351
0.9999988955901467
0.005340200336108584
0.9991562721552717
0.9999892452446256
0.00038913678930798767
0.9992250017865737
0.0005157100533653527
0.9999599141238464
0.003534701345684392
0.00011780881140924425
0.0016876333403915262
7.006484837101414e-05
0.03472712669115234
2.7037736977672904e-05
0.008343588268393588
0.9998985898302489
0.9996672611377126
0.020152038524026607
0.6323893970856133
0.0046466736376998136
0.00010428295600359626
7.922613691018301e-06
0.0011936647777705445
0.00036214169912779023
1.8942582322822984e-05
0.000263284724420583
8.796390376574936e-06
2.3837560911656246e-05
1.679050775891113e-05
1.2160065097479718e-07
0.030675178734259435
0.004089301479872748
0.00035382945828377297
0.004281059762169222
0.03616762452796559
0.00040657012255931267
0.000510833719258801
0.00019226128307580888
0.003389112931105224
9.222989214920429e-06
0.000338798702627238
0.00019489825382806072
0.0047402296044160575
0.02863932265557851
0.8525684859343724
0.0016097799714988497
4.45628359034137e-05
0.004645754515386156
