0.8665701746940613
0.1015171930193901
0.11200305819511414
0.004191436804831028
0.033617887645959854
0.0005226677749305964
0.06789430975914001
0.06355559825897217
0.1548144668340683
0.019589846953749657
0.008465372025966644
6.81159599480452e-06
0.006824575364589691
0.2980284094810486
0.009580867365002632
0.04739062115550041
0.006309602875262499
0.002600183244794607
0.9984517097473145
0.005730165168642998
0.00039646841469220817
0.2171003371477127
0.9995018243789673
0.00016709034389350563
0.0006064336630515754
0.027979405596852303
0.8607801198959351
0.00022142504167277366
0.021716000512242317
0.04721559211611748
0.0936826765537262
0.00019721360877156258
0.0017748515820130706
0.001143664587289095
0.0006806831224821508
0.02335059642791748
0.150527223944664
0.057098500430583954
0.021618269383907318
0.8331565260887146
0.0005016751820221543
0.7358119487762451
0.9623533487319946
0.9049811959266663
0.921346127986908
0.10740432888269424
0.008344012312591076
0.02026011236011982
0.0055637722834944725
0.9014304280281067
0.9906388521194458
0.0025755162350833416
0.003988170064985752
0.9460558295249939
0.0008992498042061925
0.004277820698916912
0.06105088070034981
0.0006818271358497441
0.751189649105072
0.9603708386421204
0.0001050656646839343
0.0031916999723762274
0.01594647206366062
0.9483036994934082
0.021056465804576874
0.00016643758863210678
7.5936409302812535e-06
0.022253261879086494
0.0009790783515200019
0.017316609621047974
0.0018352014012634754
0.00028506232774816453
0.00631989911198616
0.13665634393692017
0.928594172000885
0.9811400175094604
0.9744259715080261
0.0015127856750041246
0.00019694339425768703
0.998908281326294
0.0020724337082356215
0.005988331977277994
0.0004190414329059422
0.004974347539246082
0.009773911908268929
0.8056869506835938
0.008480479009449482
0.45106080174446106
0.032089248299598694
4.814752901438624e-05
0.05723034217953682
0.9091874361038208
2.013950506807305e-05
0.05687367171049118
0.015174469910562038
0.004494409542530775
0.012709232978522778
0.1883121281862259
0.008958595804870129
0.003809322603046894
0.0001355244021397084
1.0615688552206848e-05
0.00032820733031257987
0.0002401209931122139
0.00021816694061271846
0.02420807257294655
0.000966428779065609
6.204091187100857e-05
0.9843596816062927
0.9939277172088623
0.0013925862731412053
0.0006708106375299394
0.01806957833468914
0.00057812943123281
0.0029575061053037643
0.0038477859925478697
0.06354311108589172
0.06161433085799217
0.015064949169754982
0.006462540943175554
0.0008933442295528948
0.011270334012806416
0.007654000073671341
0.014269096776843071
2.883889919758076e-06
0.027353275567293167
0.00022263552818913013
0.00015717060887254775
0.009581229649484158
0.0002170840307371691
0.0006645537214353681
0.03197994455695152
0.016936223953962326
0.0004329132498241961
0.0018244809471070766
0.00044940641964785755
0.0007229052134789526
0.00420551560819149
0.0012878971174359322
2.2444875867222436e-05
0.00018066355551127344
0.016238125041127205
5.233569481788436e-06
0.00012709271686617285
0.004595372825860977
0.025171972811222076
8.807022823020816e-05
0.009411077946424484
0.021929459646344185
3.347823394506122e-06
0.006721155252307653
0.00014600604481529444
3.330010940771899e-06
1.662050090089906e-05
0.0019533555023372173
0.0016213677590712905
0.012599403038620949
0.0007488523842766881
0.00016002340998966247
0.0023307609371840954
0.0006126498337835073
0.0001298075949307531
0.011181051842868328
0.0002805354888550937
0.007279315963387489
0.013077903538942337
0.7084024548530579
0.9807991981506348
0.8415534496307373
0.00524649815633893
2.720807424339e-05
0.0007993470644578338
0.010923507623374462
0.00763400923460722
0.001941094291396439
0.7005174160003662
1.3249205039755907e-05
0.005463392939418554
0.0017373694572597742
0.005951994564384222
0.0004155183269176632
0.8172581195831299
0.037263743579387665
0.009320922195911407
4.161077413300518e-06
0.0065551577135920525
0.0006411587819457054
0.009118245914578438
0.6052193641662598
0.10910051316022873
0.0019496609456837177
0.9532170295715332
0.009501788765192032
1.8266725874127587e-06
0.00011746781092369929
2.3311049517360516e-06
0.028137322515249252
0.0006232318701222539
0.0013569650473073125
9.733800834510475e-05
0.0010644028661772609
0.011372881941497326
0.9074934124946594
0.00037164840614423156
0.039084166288375854
0.9723554849624634
0.017072655260562897
0.05249638855457306
0.0025067185051739216
0.9119970202445984
0.5700279474258423
0.055834196507930756
0.0006687262794002891
0.001618029666133225
0.0011598682031035423
0.16949425637722015
0.16729426383972168
0.15504296123981476
0.00018450569768901914
0.015642443671822548
0.07226969301700592
2.478678652551025e-05
0.05423230305314064
0.7332479953765869
0.03939564526081085
0.011205380782485008
0.019755838438868523
0.01088124979287386
0.01901928149163723
0.0007694498635828495
0.0008123434381559491
0.062410227954387665
0.043352797627449036
0.001955395331606269
0.011997110210359097
0.0005835860501974821
0.033982329070568085
0.015770528465509415
0.23072180151939392
0.00776331964880228
0.009625958278775215
0.00010818914597621188
0.1490807682275772
0.05015665292739868
0.000580228865146637
0.14147305488586426
0.011599985882639885
0.2842475175857544
0.12368447333574295
0.0007415776490233839
0.035989969968795776
0.0019293985096737742
0.0001702932349871844
0.9707006812095642
0.025694433599710464
0.10652799904346466
0.0010681332787498832
0.08132564276456833
0.0013065328821539879
0.002518549095839262
0.012902976013720036
0.06538532674312592
0.590018093585968
0.20397409796714783
0.0010281320428475738
0.8082615733146667
0.23620223999023438
0.004444512538611889
0.007061055861413479
0.0005854327464476228
0.777316689491272
0.0035464006941765547
0.0011404706165194511
0.0637105256319046
0.0018033509841188788
0.00017400675278622657
0.0014772922731935978
0.8717297911643982
0.3963908553123474
0.00991723220795393
0.7949762344360352
0.6259455680847168
0.8722630739212036
0.0005474993959069252
0.009285494685173035
0.7233656644821167
0.0006423269514925778
0.002261487301439047
0.2935616075992584
0.062086429446935654
0.24845068156719208
0.026731204241514206
0.003813671413809061
0.1707487851381302
0.0009385264129377902
0.8784574270248413
0.006315256003290415
0.024046458303928375
0.44142571091651917
0.05623608082532883
0.12324721366167068
0.562606930732727
0.05348188430070877
0.5645982027053833
0.02645418979227543
0.003588797990232706
0.001608228893019259
3.1011190912977327e-06
0.10062554478645325
0.8462330102920532
3.839480268652551e-05
0.04478585720062256
0.6022211313247681
0.018615467473864555
0.021120645105838776
0.21171341836452484
0.9622707962989807
0.8303027153015137
0.16937154531478882
0.04068443179130554
9.623070945963264e-05
3.415325772948563e-05
0.0037026868667453527
0.00024443434085696936
0.0026692308019846678
1.1849612747028004e-05
0.0005453822086565197
0.0012293168110772967
0.012345319613814354
0.001218124758452177
0.07418854534626007
2.6140214686165564e-05
0.00018685344548430294
0.05253923311829567
1.931549377331976e-05
0.015054814517498016
0.002180559327825904
0.0004006485396530479
2.1476098481798545e-05
0.0017574222292751074
0.009263277053833008
0.020020997151732445
0.9908039569854736
0.8276053071022034
0.6660139560699463
0.0007216043304651976
0.00017301391926594079
1.709362436486117e-06
0.0006500881281681359
0.0024455159436911345
0.0018066542688757181
0.09642142057418823
0.05955919995903969
0.0018998745363205671
0.02169286459684372
0.02847217582166195
0.014167889952659607
3.239747820771299e-05
0.0002615611010696739
0.004179154988378286
0.00010401604959042743
0.000571790209505707
0.0011537260143086314
0.0062895952723920345
0.003426098497584462
0.0001135648344643414
0.0037357700057327747
0.018001021817326546
0.01659124717116356
0.005541197024285793
0.06517128646373749
0.00024765185662545264
0.0006040993030183017
0.0008120740531012416
0.6357247233390808
0.004220122005790472
0.000795180385466665
0.010929700918495655
0.0017203030874952674
0.013898039236664772
4.144127615290927e-06
1.5650640534659033e-06
7.99158078734763e-06
1.6775509266153676e-06
1.97014628611214e-06
2.646569555508904e-05
2.1864693735551555e-06
0.8110659718513489
1.3676351500180317e-06
1.8442643749949639e-06
2.337868409085786e-06
1.7818139212977258e-06
2.240406502096448e-06
1.9944479845435126e-06
3.0617907214036677e-06
1.407006766385166e-05
0.0009121359908021986
2.983257218147628e-05
6.120763282524422e-05
2.953227749458165e-06
4.7425073717022315e-06
1.870315372798359e-06
9.528444934403524e-05
5.3459407354239374e-05
4.443826401256956e-05
6.489708903245628e-05
2.4380217382713454e-06
2.294664909641142e-06
1.7912732346303528e-06
0.9958658218383789
1.7284631894654012e-06
0.0006771671469323337
6.680772457912099e-06
1.8146624825021718e-06
1.7475138065492501e-06
1.8806640582624823e-06
1.6208415445362334e-06
1.8778969206323382e-06
1.6951545376286958e-06
1.6194447880479856e-06
0.00013863031927030534
2.7490548291098094e-06
1.5507254147451022e-06
1.3209300050220918e-05
2.311015350642265e-06
5.555441475735279e-06
1.4463726984104142e-05
0.00021652091527357697
1.2106031590519706e-06
0.00083518261089921
2.8115262011851883e-06
1.3965882317279465e-06
2.1743403522123117e-06
2.9541376989072887e-06
2.7432145088823745e-06
0.00015008579066488892
5.625871835945873e-06
0.004466746933758259
0.00012894488463643938
0.0004871772543992847
0.00024505314650014043
4.794756023329683e-06
0.0005676816217601299
0.00019964079547207803
0.0002500629925634712
0.00015629710105713457
2.9388731491053477e-05
0.00018305702542420477
2.757330776148592e-06
0.9679756760597229
0.00024430546909570694
0.874760627746582
8.010359124455135e-06
0.0013649623142555356
2.8413103791535832e-05
0.0002399539516773075
0.012224255129694939
0.9498370885848999
0.0009431365760974586
0.002739455085247755
0.0001789443485904485
0.0008418598445132375
5.053718723502243e-06
0.00571444584056735
0.9816107749938965
0.007293309085071087
0.9354967474937439
0.0008789159473963082
0.006428921595215797
0.0002842712274286896
0.9356910586357117
0.00043322573765181005
0.0008369710994884372
0.030677208676934242
0.00012598600005730987
0.04543345421552658
0.0023752995766699314
0.0006373467040248215
0.0005317272734828293
0.0002480287803336978
0.00018721296510193497
0.00048824373516254127
0.00032510803430341184
3.0011255148565397e-05
0.00011285106302239001
0.01571740210056305
2.9741840990027413e-05
0.0003116082807537168
0.05651939660310745
0.0005203126929700375
0.00019303345470689237
0.00019880574836861342
0.028337331488728523
0.0001790300157153979
0.09367845207452774
0.0003481718013063073
0.01009261142462492
8.83533721207641e-05
0.059599727392196655
0.017911899834871292
0.00028079235926270485
0.0004835634317714721
6.88686168359709e-06
0.04694252461194992
0.030513588339090347
0.00015100318705663085
0.006708795204758644
0.00013244144793134183
0.00023681310995016247
0.018945155665278435
0.0002510993799660355
4.800031092599966e-06
0.002766770776361227
0.00034822593443095684
0.0002549376222305
3.917740104952827e-05
5.04641720908694e-05
0.0013113743625581264
8.269248792203143e-05
0.0006738054216839373
0.01143884938210249
0.7703583836555481
7.782493048580363e-05
0.001177858910523355
0.004786644130945206
0.00011527087917784229
4.137375071877614e-06
0.018352605402469635
0.0026115979999303818
0.00028632674366235733
0.030757632106542587
9.929569932864979e-05
0.19137650728225708
0.9640876650810242
0.08083322644233704
0.7362035512924194
0.9989681243896484
0.08365034312009811
0.050810448825359344
0.16302618384361267
0.005536238197237253
0.0009818115504458547
0.054940931499004364
0.009500204585492611
0.6130467653274536
0.9987444877624512
0.054237645119428635
0.005541591439396143
9.15149284992367e-05
0.0007643382414244115
0.10666099190711975
0.033256661146879196
0.1584962159395218
0.03232959285378456
0.12503965198993683
0.012894301675260067
0.3415206968784332
0.018140697851777077
0.06649882346391678
0.8961803913116455
0.08189038932323456
0.04141491279006004
0.9707642793655396
0.04731293022632599
0.017583586275577545
0.0005696545704267919
0.0006748954183422029
0.0005608689389191568
0.0860307589173317
0.9940272569656372
0.09854348748922348
0.174844890832901
0.1315363645553589
0.021615372970700264
0.996113657951355
0.7531026005744934
0.010434628464281559
0.10330095142126083
0.9962708950042725
0.7835571765899658
0.061165206134319305
0.7650070786476135
0.016230326145887375
0.9839932918548584
0.9804915189743042
0.9975415468215942
0.7945173382759094
0.028565315529704094
0.00035704142646864057
0.0065057892352342606
0.3767646849155426
0.8617460131645203
0.6899266839027405
0.17404694855213165
0.013694241642951965
0.09699734300374985
0.0746982991695404
0.998381495475769
0.0021245810203254223
0.17555531859397888
0.9982737302780151
0.7397566437721252
0.9601297974586487
0.11831642687320709
0.03225572407245636
0.00010144305997528136
0.9528919458389282
0.00010844468488357961
0.07656840234994888
0.9911421537399292
0.07146165519952774
0.06674619019031525
0.0006724537233822048
0.7735228538513184
0.0010787813225761056
0.10716580599546432
0.8579946160316467
0.02189396694302559
0.03859880939126015
0.7781647443771362
0.7898441553115845
0.11790985614061356
0.06735704839229584
0.6125249266624451
0.41776326298713684
0.2128639966249466
0.029401622712612152
0.6807714700698853
0.5914908647537231
0.04795118048787117
0.9342153072357178
0.05316693335771561
0.9956454038619995
0.5855617523193359
0.018315916880965233
0.060972996056079865
0.29739585518836975
0.0011103125289082527
0.7730123400688171
1.9545484974514693e-05
0.6834848523139954
0.9408043622970581
0.9892734885215759
0.004668947774916887
0.4339752793312073
0.9993184804916382
0.197047621011734
0.05572003126144409
0.9539607167243958
0.9747433066368103
0.8958202600479126
0.16492165625095367
0.8796617388725281
0.016217321157455444
0.0037241140380501747
0.05732743442058563
0.0320420004427433
0.054951898753643036
0.0008335011079907417
0.033504802733659744
0.020600859075784683
0.10022591054439545
0.12203042209148407
0.9768422245979309
0.013090569525957108
0.003839128650724888
0.06746655702590942
0.9236976504325867
0.0008461749530397356
0.00014787426334805787
0.8573284149169922
0.9740559458732605
0.0003817210963461548
9.921222954289988e-06
0.9924037456512451
0.8728597164154053
0.9285494089126587
0.003237892407923937
0.9815847873687744
0.9752627015113831
0.0610777847468853
0.7660328149795532
0.02468845807015896
0.9953305721282959
0.999518632888794
0.0006286072893999517
0.887830913066864
0.152740940451622
0.7388417720794678
0.7781580686569214
0.7614665627479553
0.8902391791343689
0.09159822762012482
0.0011428676079958677
0.9996022582054138
0.975561797618866
0.0029463879764080048
0.9892430305480957
0.8326428532600403
0.9852139353752136
0.06342591345310211
0.9766542315483093
0.8617991209030151
0.0001362695184070617
0.8370103240013123
0.015066358260810375
0.7237215042114258
0.06263291090726852
0.19772908091545105
0.39321169257164
6.714210758218542e-05
0.00012148754467489198
0.02347736805677414
0.11658521741628647
0.8965556025505066
0.8022238612174988
0.021198304370045662
0.9586402177810669
0.00039247312815859914
0.0002032046322710812
0.10384399443864822
0.16091981530189514
6.553014827659354e-05
0.00018033002561423928
0.006107931025326252
0.09809988737106323
0.003832563292235136
0.014062272384762764
0.019969066604971886
0.021798979490995407
0.09881629049777985
0.10001196712255478
0.01769334264099598
0.001317374873906374
0.00022398158034775406
0.0033640230540186167
0.07068324834108353
0.001177308615297079
0.0007769224466755986
0.00030194740975275636
0.05273597314953804
0.03762650489807129
0.05429506674408913
0.7002214789390564
0.00034724464057944715
0.0004664944426622242
0.016905812546610832
