0.28441205620765686
0.006642088294029236
0.07098077237606049
0.1558450311422348
0.19635683298110962
0.023822041228413582
0.3362121880054474
0.05870866775512695
0.346097856760025
0.0018490173388272524
0.07168138772249222
0.004425289109349251
0.0029347927775233984
0.5369910001754761
0.5886847376823425
0.04562192037701607
0.010216004215180874
0.021435672417283058
0.97798091173172
0.006228918209671974
0.010955706238746643
0.0979105606675148
0.7586207389831543
0.007856751792132854
0.007309767883270979
0.14574509859085083
0.2374861091375351
0.017694368958473206
0.005769276525825262
0.285057008266449
0.07864928990602493
0.007072130683809519
0.002318328944966197
0.004469619132578373
0.05930616706609726
0.08946453034877777
0.05008980631828308
0.1475880891084671
0.05075922608375549
0.5277804136276245
0.04497295245528221
0.3302536606788635
0.29613494873046875
0.5588688254356384
0.34530743956565857
0.07684297859668732
0.11159947514533997
0.09150610864162445
0.021121742203831673
0.6808859705924988
0.332392156124115
0.27124282717704773
0.06997928768396378
0.846978485584259
0.09664659947156906
0.011755520477890968
0.0018446582835167646
0.009240370243787766
0.3920481503009796
0.04998413100838661
0.003724273294210434
0.1025124043226242
0.2831699848175049
0.39980900287628174
0.017641158774495125
0.0018998708110302687
0.008755836635828018
0.1667303889989853
0.017430460080504417
0.015307663008570671
0.01742454618215561
0.145124152302742
0.2667514383792877
0.022197740152478218
0.40457966923713684
0.7012202143669128
0.5927010178565979
0.0055073332041502
0.013507677242159843
0.5247909426689148
0.06658444553613663
0.19988879561424255
0.01185032818466425
0.020911484956741333
0.005604351870715618
0.1921876221895218
0.23199892044067383
0.5668512582778931
0.1524638831615448
0.00699220784008503
0.0668923407793045
0.5652325749397278
0.0032613039948046207
0.11173418909311295
0.06004061549901962
0.07370153814554214
0.007426674012094736
0.09533713012933731
0.01132200751453638
0.22121942043304443
0.006611502263695002
0.006074311677366495
0.0013763594906777143
0.0013375615235418081
0.19884489476680756
0.004760327283293009
0.30114099383354187
0.001967277377843857
0.8370194435119629
0.9273065328598022
0.007253113202750683
0.02273782715201378
0.051410697400569916
0.007097526919096708
0.0017301742918789387
0.03849678486585617
0.008153127506375313
0.09007855504751205
0.019947895780205727
0.2230592966079712
0.019550597295165062
0.008773049339652061
0.0012563816271722317
0.11500891298055649
0.0014439449878409505
0.03674205020070076
0.002596004167571664
0.004318270832300186
0.01669410802423954
0.001531242043711245
0.07616384327411652
0.11729639023542404
0.0021374900825321674
0.01009018812328577
0.08176064491271973
0.016878580674529076
0.00593251409009099
0.03258087486028671
0.06226184591650963
0.15588894486427307
0.0027174653951078653
0.041874323040246964
0.1382816880941391
0.046513933688402176
0.013341984711587429
0.04500235617160797
0.0561893954873085
0.002138732234016061
0.01241002045571804
0.009540329687297344
0.008012169040739536
0.005964332725852728
0.01654791459441185
0.0030814928468316793
0.08948302268981934
0.03120441734790802
0.003663821844384074
0.013902495615184307
0.008804356679320335
0.004209201317280531
0.0016686193412169814
0.0013700970448553562
0.01760905794799328
0.04115976020693779
0.288017213344574
0.0031701577827334404
0.9050866961479187
0.933036744594574
0.8889057636260986
0.046522628515958786
0.0013220675755292177
0.007859227247536182
0.15211158990859985
0.0061287349089980125
0.014494361355900764
0.46335911750793457
0.0011561986757442355
0.008532446809113026
0.012837827205657959
0.017745861783623695
0.1960403025150299
0.42618435621261597
0.01528467983007431
0.020010795444250107
0.07923506200313568
0.35933002829551697
0.05373489111661911
0.007565986830741167
0.3733629584312439
0.13762761652469635
0.0024592247791588306
0.8787624835968018
0.059578146785497665
0.014725043438374996
0.007680095732212067
0.005949704442173243
0.0496375672519207
0.03173103928565979
0.07491806149482727
0.004818239249289036
0.01996329426765442
0.007507158908993006
0.11539704352617264
0.016903340816497803
0.08789973706007004
0.5052582621574402
0.07477979362010956
0.19175510108470917
0.18098635971546173
0.47558924555778503
0.39714595675468445
0.3335123658180237
0.019461654126644135
0.08458547294139862
0.02252108044922352
0.01690796948969364
0.269793301820755
0.6616544127464294
0.0039487192407250404
0.08341942727565765
0.03687196224927902
0.014405484311282635
0.002034758683294058
0.21902205049991608
0.09378136694431305
0.0013663597637787461
0.03537549823522568
0.009395217522978783
0.08307095617055893
0.011443691328167915
0.24850575625896454
0.04645266756415367
0.5036831498146057
0.010423584841191769
0.22858650982379913
0.004307258408516645
0.18935468792915344
0.44423359632492065
0.7105215191841125
0.015780754387378693
0.17811696231365204
0.001273628557100892
0.14901381731033325
0.030325734987854958
0.002032463438808918
0.4010915160179138
0.030966797843575478
0.2990458309650421
0.00606085080653429
0.003863541642203927
0.11698997765779495
0.03407032787799835
0.33017903566360474
0.8600692749023438
0.025222383439540863
0.24198906123638153
0.005145509727299213
0.0943078100681305
0.07983275502920151
0.07696385681629181
0.007531784474849701
0.3183155059814453
0.6061660051345825
0.0033751942683011293
0.14165209233760834
0.16686297953128815
0.2557922601699829
0.1721632331609726
0.13269932568073273
0.003335508517920971
0.5460424423217773
0.04215250536799431
0.06937353312969208
0.06990562379360199
0.0042031980119645596
0.00831995252519846
0.0035642292350530624
0.6735466122627258
0.37403592467308044
0.01177141722291708
0.044582389295101166
0.2605542540550232
0.013905842788517475
0.12773454189300537
0.004786668345332146
0.36996719241142273
0.003493278520181775
0.09654414653778076
0.14314687252044678
0.014068804681301117
0.40496018528938293
0.019554337486624718
0.0014731234405189753
0.128191739320755
0.00760265626013279
0.6561694741249084
0.008175620809197426
0.003282644087448716
0.6874047517776489
0.2735171616077423
0.011608200147747993
0.8646831512451172
0.3179207146167755
0.731410026550293
0.26120108366012573
0.09820058196783066
0.020238855853676796
0.002215930027887225
0.007357219699770212
0.039183735847473145
0.003967554308474064
0.07541391998529434
0.023077156394720078
0.018218737095594406
0.016191616654396057
0.1471538096666336
0.9061959385871887
0.4188936650753021
0.07725272327661514
0.012687800452113152
0.29638054966926575
0.02040947787463665
0.017401425167918205
0.006731582339853048
0.004122462589293718
0.001929979887790978
0.015165138058364391
0.037722550332546234
0.28412047028541565
0.18319709599018097
0.026570208370685577
0.13433974981307983
0.0075437878258526325
0.13530243933200836
0.029833367094397545
0.056196220219135284
0.003290749853476882
0.009098298847675323
0.016490867361426353
0.15311454236507416
0.022241616621613503
0.014750808477401733
0.5175057053565979
0.8924993872642517
0.1855754852294922
0.004942530300468206
0.03778306022286415
0.018173035234212875
0.14870598912239075
0.036105476319789886
0.004533139523118734
0.019817810505628586
0.25515326857566833
0.04423171654343605
0.12753494083881378
0.00851507019251585
0.00451236218214035
0.0014925209106877446
0.018362874165177345
0.004395471420139074
0.005869315937161446
0.009388310834765434
0.008497054688632488
0.009790719486773014
0.084920734167099
0.003232767339795828
0.0054368614219129086
0.036629121750593185
0.1156279519200325
0.007007500622421503
0.15493515133857727
0.04985560104250908
0.013770838268101215
0.02720906212925911
0.3606450855731964
0.007243492174893618
0.1840468943119049
0.041979800909757614
0.00999806821346283
0.0584215484559536
0.001783004030585289
0.001231422764249146
0.0012059105793014169
0.0023692436516284943
0.003431009128689766
0.0016138755017891526
0.0605093277990818
0.3588719069957733
0.00488930381834507
0.0015751565806567669
0.004508730955421925
0.006749405525624752
0.01578306406736374
0.00114343105815351
0.0011671503307297826
0.0034702534321695566
0.002054359298199415
0.0017989150946959853
0.006071252282708883
0.013054530136287212
0.005251801572740078
0.0158213023096323
0.002296135062351823
0.010409345850348473
0.0020813995506614447
0.001208571600727737
0.004984669387340546
0.005515835247933865
0.014666009694337845
0.739746630191803
0.012614699080586433
0.39315158128738403
0.02179485559463501
0.0031690022442489862
0.002387892920523882
0.002121411031112075
0.0012182884383946657
0.026069801300764084
0.006920347455888987
0.001497603370808065
0.009413812309503555
0.003656509332358837
0.0036687669344246387
0.0019682429265230894
0.006639310158789158
0.0026560311671346426
0.019416533410549164
0.0031127554830163717
0.0016926974058151245
0.004338227678090334
0.0029890791047364473
0.0017666605999693274
0.001267951913177967
0.004490047227591276
0.02297922410070896
0.0017763541545718908
0.0012427357723936439
0.0014142824802547693
0.0028183776885271072
0.02182544209063053
0.0015412640059366822
0.001200670376420021
0.0016970265423879027
0.0011574400123208761
0.0028582713566720486
0.008027652278542519
0.0012686682166531682
0.0012652254663407803
0.005359021946787834
0.8648884296417236
0.0069707827642560005
0.7099456787109375
0.0024083952885121107
0.020340561866760254
0.024241048842668533
0.006158952135592699
0.14194729924201965
0.6620014309883118
0.09129273891448975
0.004469357896596193
0.0023074049968272448
0.0016660731052979827
0.015028901398181915
0.003746272763237357
0.7245424389839172
0.09682361036539078
0.3920057415962219
0.48104584217071533
0.003994543105363846
0.001607673242688179
0.5354304909706116
0.00945561658591032
0.0037125437520444393
0.0672338530421257
0.008743231184780598
0.130039781332016
0.0015024278545752168
0.24008268117904663
0.12982279062271118
0.003542444435879588
0.004665902350097895
0.0024377310182899237
0.3484303653240204
0.010710028931498528
0.0012521818280220032
0.1523669958114624
0.0019605127163231373
0.0012760222889482975
0.0018677696352824569
0.010014422237873077
0.07277700304985046
0.010590970516204834
0.22731821238994598
0.01910959742963314
0.0988079383969307
0.001158147002570331
0.0016248842002823949
0.0012853629887104034
0.014988550916314125
0.0056839934550225735
0.0708240494132042
0.0018911093939095736
0.0015668858541175723
0.049683041870594025
0.006369971204549074
0.0023357172030955553
0.0014464573469012976
0.05000908672809601
0.002000071806833148
0.09542538225650787
0.006462892983108759
0.21009454131126404
0.030832437798380852
0.006730702240020037
0.003889184445142746
0.00269893417134881
0.2678692638874054
0.1274322122335434
0.03395581990480423
0.003893279703333974
0.018418436869978905
0.47479870915412903
0.013691054657101631
0.003023965284228325
0.006081386469304562
0.015089903026819229
0.002933366922661662
0.00245920498855412
0.0042403507977724075
0.01039089821279049
0.005924628581851721
0.07703263312578201
0.014107524417340755
0.540614902973175
0.056267883628606796
0.5112463235855103
0.8389184474945068
0.11814383417367935
0.009018532931804657
0.029432255774736404
0.07984718680381775
0.04537983983755112
0.10249632596969604
0.2355843186378479
0.4875109791755676
0.42710068821907043
0.0586242713034153
0.08564290404319763
0.2528195381164551
0.0701778382062912
0.17308199405670166
0.018606409430503845
0.28497573733329773
0.10232073813676834
0.17221002280712128
0.3405681550502777
0.04346852004528046
0.10876350849866867
0.034085728228092194
0.35770100355148315
0.2770289480686188
0.7043575048446655
0.8087001442909241
0.32454732060432434
0.0031283560674637556
0.23714372515678406
0.018881624564528465
0.07930741459131241
0.013477636501193047
0.6510287523269653
0.5135921835899353
0.18621966242790222
0.5059388875961304
0.1015130952000618
0.9724748730659485
0.3557838499546051
0.15475477278232574
0.015011575073003769
0.5215556621551514
0.14988695085048676
0.11286638677120209
0.30966100096702576
0.22033186256885529
0.4426795542240143
0.89195716381073
0.9059086441993713
0.16943249106407166
0.7251356840133667
0.003415278624743223
0.23464204370975494
0.29926350712776184
0.5198459625244141
0.13070596754550934
0.22274042665958405
0.04573860764503479
0.12431016564369202
0.09756062924861908
0.34304311871528625
0.00653009582310915
0.11593172699213028
0.6935943961143494
0.9601370692253113
0.5854372382164001
0.08394431322813034
0.03878464177250862
0.013202729634940624
0.17583328485488892
0.021293632686138153
0.31847405433654785
0.8230629563331604
0.24943481385707855
0.09568009525537491
0.11320243775844574
0.5491976141929626
0.17115040123462677
0.252715140581131
0.7614514827728271
0.04834941029548645
0.02265774831175804
0.36838483810424805
0.26412564516067505
0.3374790549278259
0.350350022315979
0.5001742839813232
0.32294371724128723
0.6660758256912231
0.042759738862514496
0.11885533481836319
0.47784870862960815
0.053106389939785004
0.47608059644699097
0.07869486510753632
0.6884661912918091
0.5761904716491699
0.19842419028282166
0.15842556953430176
0.11841851472854614
0.051949698477983475
0.38633692264556885
0.018352415412664413
0.2639748156070709
0.6411256790161133
0.8624358177185059
0.010469768196344376
0.20969539880752563
0.7788022756576538
0.028224844485521317
0.15395551919937134
0.7636801600456238
0.737585186958313
0.7687495946884155
0.5736331939697266
0.34729865193367004
0.0730445459485054
0.0017817993648350239
0.043051473796367645
0.003359501715749502
0.014750163070857525
0.018775062635540962
0.008393964730203152
0.30756163597106934
0.02817465364933014
0.518055260181427
0.9622620344161987
0.25015947222709656
0.001990943681448698
0.02879166603088379
0.5001510977745056
0.03521423414349556
0.5736680030822754
0.19977474212646484
0.9813998937606812
0.0034174234606325626
0.003841965226456523
0.9584301114082336
0.9793875217437744
0.4328495264053345
0.011957131326198578
0.8492830991744995
0.6059357523918152
0.4614272713661194
0.35272011160850525
0.0104072829708457
0.9838377833366394
0.6668107509613037
0.0428689680993557
0.7119279503822327
0.6149864792823792
0.4067040979862213
0.7846832871437073
0.6166191697120667
0.30680832266807556
0.3186444938182831
0.3051608204841614
0.7791752815246582
0.8077448010444641
0.013341633602976799
0.4110848903656006
0.6747452020645142
0.9687256217002869
0.01531374454498291
0.5721279978752136
0.39160993695259094
0.11707718670368195
0.8756542801856995
0.15569031238555908
0.7220379710197449
0.48603519797325134
0.0430845245718956
0.5050719976425171
0.0060498472303152084
0.005240387283265591
0.01167683582752943
0.3918648660182953
0.41673582792282104
0.43087780475616455
0.05338394641876221
0.5677050948143005
0.003122360212728381
0.001188741996884346
0.01616061106324196
0.5772420763969421
0.013015974313020706
0.005100728012621403
0.04464888945221901
0.10612878203392029
0.016583135351538658
0.025776119902729988
0.2948199510574341
0.18815335631370544
0.009217661805450916
0.049486588686704636
0.1423749327659607
0.08669838309288025
0.04786861687898636
0.13552850484848022
0.552282452583313
0.03120037540793419
0.0013173021143302321
0.0173066146671772
0.08928187191486359
0.03891909867525101
0.034222591668367386
0.3007333278656006
0.007391355000436306
0.06483597308397293
0.3837284445762634
